0 -176.814
1 -176.908
2 -176.989
3 -177.056
4 -177.11
5 -177.154
6 -177.189
7 -177.219
8 -177.247
9 -177.275
10 -177.307
11 -177.345
12 -177.391
13 -177.447
14 -177.514
15 -177.592
16 -177.682
17 -177.783
18 -177.894
19 -178.013
20 -178.141
21 -178.273
22 -178.409
23 -178.546
24 -178.683
25 -178.816
26 -178.945
27 -179.068
28 -179.183
29 -179.289
30 -179.386
31 -179.473
32 -179.549
33 -179.615
34 -179.671
35 -179.717
36 -179.753
37 -179.78
38 -179.797
39 -179.807
40 -179.809
41 -179.805
42 -179.795
43 -179.782
44 -179.767
45 -179.751
46 -179.738
47 -179.729
48 -179.726
49 -179.731
50 -179.745
51 -179.772
52 -179.811
53 -179.864
54 -179.932
55 -180.016
56 -180.114
57 -180.227
58 -180.354
59 -180.493
60 -180.643
61 -180.801
62 -180.966
63 -181.134
64 -181.302
65 -181.468
66 -181.629
67 -181.782
68 -181.925
69 -182.056
70 -182.176
71 -182.282
72 -182.377
73 -182.461
74 -182.534
75 -182.599
76 -182.657
77 -182.709
78 -182.755
79 -182.797
80 -182.834
81 -182.866
82 -182.892
83 -182.911
84 -182.922
85 -182.923
86 -182.914
87 -182.894
88 -182.862
89 -182.82
90 -182.768
91 -182.707
92 -182.639
93 -182.568
94 -182.494
95 -182.421
96 -182.351
97 -182.287
98 -182.23
99 -182.182
100 -182.145
101 -182.12
102 -182.107
103 -182.107
104 -182.12
105 -182.146
106 -182.183
107 -182.232
108 -182.292
109 -182.361
110 -182.438
111 -182.522
112 -182.612
113 -182.708
114 -182.807
115 -182.91
116 -183.014
117 -183.121
118 -183.229
119 -183.338
120 -183.449
121 -183.561
122 -183.673
123 -183.787
124 -183.903
125 -184.02
126 -184.138
127 -184.259
128 -184.381
129 -184.506
130 -184.632
131 -184.761
132 -184.892
133 -185.026
134 -185.163
135 -185.302
136 -185.444
137 -185.59
138 -185.739
139 -185.891
140 -186.046
141 -186.203
142 -186.361
143 -186.519
144 -186.675
145 -186.827
146 -186.971
147 -187.104
148 -187.224
149 -187.326
150 -187.408
151 -187.466
152 -187.498
153 -187.505
154 -187.486
155 -187.442
156 -187.377
157 -187.294
158 -187.196
159 -187.088
160 -186.975
161 -186.86
162 -186.747
163 -186.639
164 -186.538
165 -186.446
166 -186.364
167 -186.293
168 -186.234
169 -186.185
170 -186.146
171 -186.115
172 -186.092
173 -186.074
174 -186.06
175 -186.048
176 -186.036
177 -186.023
178 -186.007
179 -185.986
180 -185.961
181 -185.931
182 -185.895
183 -185.855
184 -185.809
185 -185.759
186 -185.706
187 -185.651
188 -185.595
189 -185.538
190 -185.482
191 -185.427
192 -185.374
193 -185.324
194 -185.276
195 -185.232
196 -185.191
197 -185.153
198 -185.12
199 -185.091
200 -185.066
201 -185.045
202 -185.029
203 -185.018
204 -185.012
205 -185.011
206 -185.016
207 -185.027
208 -185.043
209 -185.067
210 -185.096
211 -185.132
212 -185.175
213 -185.225
214 -185.281
215 -185.344
216 -185.412
217 -185.487
218 -185.567
219 -185.653
220 -185.743
221 -185.838
222 -185.936
223 -186.039
224 -186.144
225 -186.252
226 -186.362
227 -186.473
228 -186.586
229 -186.7
230 -186.814
231 -186.927
232 -187.04
233 -187.15
234 -187.259
235 -187.364
236 -187.466
237 -187.564
238 -187.656
239 -187.743
240 -187.825
241 -187.901
242 -187.971
243 -188.036
244 -188.097
245 -188.154
246 -188.209
247 -188.262
248 -188.316
249 -188.372
250 -188.431
251 -188.495
252 -188.567
253 -188.646
254 -188.735
255 -188.835
256 -188.946
257 -189.07
258 -189.207
259 -189.358
260 -189.522
261 -189.699
262 -189.89
263 -190.093
264 -190.307
265 -190.532
266 -190.767
267 -191.009
268 -191.258
269 -191.512
270 -191.769
271 -192.028
272 -192.287
273 -192.544
274 -192.799
275 -193.05
276 -193.296
277 -193.536
278 -193.77
279 -193.997
280 -194.216
281 -194.427
282 -194.63
283 -194.824
284 -195.008
285 -195.181
286 -195.342
287 -195.489
288 -195.622
289 -195.737
290 -195.835
291 -195.913
292 -195.971
293 -196.006
294 -196.02
295 -196.012
296 -195.983
297 -195.934
298 -195.866
299 -195.78
300 -195.68
301 -195.566
302 -195.443
303 -195.311
304 -195.173
305 -195.032
306 -194.889
307 -194.747
308 -194.607
309 -194.472
310 -194.342
311 -194.219
312 -194.104
313 -193.998
314 -193.901
315 -193.815
316 -193.739
317 -193.674
318 -193.62
319 -193.575
320 -193.54
321 -193.513
322 -193.495
323 -193.484
324 -193.478
325 -193.476
326 -193.477
327 -193.479
328 -193.481
329 -193.482
330 -193.479
331 -193.472
332 -193.459
333 -193.439
334 -193.412
335 -193.378
336 -193.336
337 -193.285
338 -193.227
339 -193.16
340 -193.085
341 -193.002
342 -192.912
343 -192.816
344 -192.712
345 -192.602
346 -192.486
347 -192.365
348 -192.238
349 -192.108
350 -191.973
351 -191.835
352 -191.695
353 -191.553
354 -191.41
355 -191.268
356 -191.127
357 -190.987
358 -190.851
359 -190.718
360 -190.59
361 -190.466
362 -190.349
363 -190.237
364 -190.132
365 -190.034
366 -189.942
367 -189.857
368 -189.778
369 -189.706
370 -189.64
371 -189.579
372 -189.524
373 -189.473
374 -189.426
375 -189.382
376 -189.342
377 -189.304
378 -189.267
379 -189.232
380 -189.197
381 -189.163
382 -189.129
383 -189.094
384 -189.06
385 -189.024
386 -188.989
387 -188.953
388 -188.916
389 -188.88
390 -188.843
391 -188.807
392 -188.772
393 -188.738
394 -188.705
395 -188.674
396 -188.645
397 -188.619
398 -188.596
399 -188.576
400 -188.56
401 -188.548
402 -188.539
403 -188.536
404 -188.536
405 -188.541
406 -188.551
407 -188.565
408 -188.583
409 -188.605
410 -188.631
411 -188.661
412 -188.694
413 -188.729
414 -188.767
415 -188.807
416 -188.847
417 -188.889
418 -188.931
419 -188.973
420 -189.014
421 -189.054
422 -189.093
423 -189.13
424 -189.166
425 -189.199
426 -189.23
427 -189.259
428 -189.286
429 -189.311
430 -189.333
431 -189.353
432 -189.371
433 -189.387
434 -189.4
435 -189.412
436 -189.421
437 -189.428
438 -189.432
439 -189.435
440 -189.435
441 -189.433
442 -189.428
443 -189.421
444 -189.412
445 -189.401
446 -189.388
447 -189.373
448 -189.356
449 -189.338
450 -189.319
451 -189.298
452 -189.278
453 -189.257
454 -189.235
455 -189.214
456 -189.194
457 -189.174
458 -189.155
459 -189.137
460 -189.12
461 -189.105
462 -189.091
463 -189.078
464 -189.067
465 -189.058
466 -189.05
467 -189.044
468 -189.039
469 -189.037
470 -189.036
471 -189.036
472 -189.039
473 -189.043
474 -189.049
475 -189.056
476 -189.065
477 -189.076
478 -189.089
479 -189.103
480 -189.119
481 -189.136
482 -189.156
483 -189.176
484 -189.198
485 -189.221
486 -189.246
487 -189.272
488 -189.299
489 -189.326
490 -189.355
491 -189.384
492 -189.413
493 -189.443
494 -189.472
495 -189.502
496 -189.531
497 -189.559
498 -189.587
499 -189.614
500 -189.64
501 -189.664
502 -189.687
503 -189.708
504 -189.728
505 -189.746
506 -189.762
507 -189.777
508 -189.79
509 -189.802
510 -189.813
511 -189.823
512 -189.833
513 -189.843
514 -189.853
515 -189.863
516 -189.875
517 -189.887
518 -189.902
519 -189.919
520 -189.938
521 -189.961
522 -189.986
523 -190.014
524 -190.047
525 -190.082
526 -190.122
527 -190.165
528 -190.212
529 -190.263
530 -190.317
531 -190.375
532 -190.436
533 -190.5
534 -190.567
535 -190.636
536 -190.708
537 -190.781
538 -190.857
539 -190.934
540 -191.012
541 -191.091
542 -191.171
543 -191.251
544 -191.332
545 -191.413
546 -191.493
547 -191.574
548 -191.654
549 -191.733
550 -191.812
551 -191.89
552 -191.967
553 -192.043
554 -192.119
555 -192.193
556 -192.267
557 -192.339
558 -192.411
559 -192.481
560 -192.551
561 -192.619
562 -192.687
563 -192.753
564 -192.819
565 -192.883
566 -192.947
567 -193.009
568 -193.071
569 -193.131
570 -193.191
571 -193.25
572 -193.307
573 -193.364
574 -193.419
575 -193.473
576 -193.527
577 -193.578
578 -193.629
579 -193.679
580 -193.727
581 -193.774
582 -193.82
583 -193.865
584 -193.908
585 -193.95
586 -193.991
587 -194.03
588 -194.068
589 -194.105
590 -194.14
591 -194.174
592 -194.206
593 -194.238
594 -194.268
595 -194.297
596 -194.324
597 -194.351
598 -194.377
599 -194.402
600 -194.427
601 -194.451
602 -194.475
603 -194.499
604 -194.523
605 -194.547
606 -194.573
607 -194.599
608 -194.626
609 -194.655
610 -194.684
611 -194.716
612 -194.75
613 -194.785
614 -194.822
615 -194.862
616 -194.903
617 -194.947
618 -194.992
619 -195.04
620 -195.089
621 -195.141
622 -195.194
623 -195.248
624 -195.304
625 -195.362
626 -195.421
627 -195.481
628 -195.543
629 -195.605
630 -195.669
631 -195.733
632 -195.799
633 -195.865
634 -195.933
635 -196.001
636 -196.071
637 -196.141
638 -196.212
639 -196.284
640 -196.358
641 -196.431
642 -196.506
643 -196.581
644 -196.656
645 -196.732
646 -196.807
647 -196.882
648 -196.956
649 -197.029
650 -197.101
651 -197.17
652 -197.238
653 -197.303
654 -197.365
655 -197.424
656 -197.479
657 -197.529
658 -197.576
659 -197.618
660 -197.655
661 -197.687
662 -197.715
663 -197.738
664 -197.756
665 -197.769
666 -197.779
667 -197.785
668 -197.787
669 -197.786
670 -197.783
671 -197.777
672 -197.77
673 -197.762
674 -197.754
675 -197.745
676 -197.737
677 -197.729
678 -197.723
679 -197.719
680 -197.716
681 -197.716
682 -197.718
683 -197.723
684 -197.73
685 -197.741
686 -197.754
687 -197.771
688 -197.791
689 -197.814
690 -197.84
691 -197.869
692 -197.902
693 -197.937
694 -197.975
695 -198.016
696 -198.059
697 -198.105
698 -198.153
699 -198.203
700 -198.256
701 -198.31
702 -198.366
703 -198.424
704 -198.482
705 -198.542
706 -198.602
707 -198.664
708 -198.725
709 -198.787
710 -198.849
711 -198.911
712 -198.973
713 -199.034
714 -199.094
715 -199.154
716 -199.213
717 -199.271
718 -199.328
719 -199.384
720 -199.439
721 -199.493
722 -199.546
723 -199.599
724 -199.651
725 -199.703
726 -199.754
727 -199.805
728 -199.856
729 -199.907
730 -199.959
731 -200.011
732 -200.063
733 -200.116
734 -200.17
735 -200.225
736 -200.281
737 -200.338
738 -200.396
739 -200.455
740 -200.515
741 -200.576
742 -200.639
743 -200.702
744 -200.766
745 -200.831
746 -200.897
747 -200.963
748 -201.03
749 -201.098
750 -201.166
751 -201.234
752 -201.302
753 -201.37
754 -201.438
755 -201.507
756 -201.575
757 -201.644
758 -201.712
759 -201.78
760 -201.847
761 -201.915
762 -201.983
763 -202.051
764 -202.118
765 -202.186
766 -202.253
767 -202.321
768 -202.388
769 -202.455
770 -202.522
771 -202.589
772 -202.656
773 -202.722
774 -202.787
775 -202.852
776 -202.916
777 -202.978
778 -203.04
779 -203.099
780 -203.157
781 -203.212
782 -203.266
783 -203.316
784 -203.364
785 -203.41
786 -203.452
787 -203.49
788 -203.526
789 -203.558
790 -203.586
791 -203.612
792 -203.634
793 -203.653
794 -203.668
795 -203.68
796 -203.689
797 -203.695
798 -203.699
799 -203.7
800 -203.698
