0 -176.516
1 -176.689
2 -176.866
3 -177.041
4 -177.213
5 -177.376
6 -177.527
7 -177.663
8 -177.782
9 -177.882
10 -177.963
11 -178.025
12 -178.069
13 -178.098
14 -178.113
15 -178.119
16 -178.117
17 -178.111
18 -178.104
19 -178.097
20 -178.093
21 -178.093
22 -178.1
23 -178.112
24 -178.133
25 -178.162
26 -178.199
27 -178.244
28 -178.299
29 -178.363
30 -178.436
31 -178.519
32 -178.611
33 -178.713
34 -178.826
35 -178.948
36 -179.081
37 -179.223
38 -179.375
39 -179.536
40 -179.705
41 -179.88
42 -180.059
43 -180.241
44 -180.421
45 -180.598
46 -180.767
47 -180.926
48 -181.07
49 -181.196
50 -181.302
51 -181.386
52 -181.448
53 -181.487
54 -181.504
55 -181.502
56 -181.484
57 -181.452
58 -181.411
59 -181.363
60 -181.313
61 -181.261
62 -181.212
63 -181.166
64 -181.125
65 -181.09
66 -181.061
67 -181.038
68 -181.02
69 -181.007
70 -180.999
71 -180.994
72 -180.992
73 -180.992
74 -180.993
75 -180.996
76 -181
77 -181.006
78 -181.014
79 -181.025
80 -181.039
81 -181.059
82 -181.084
83 -181.116
84 -181.157
85 -181.208
86 -181.268
87 -181.34
88 -181.424
89 -181.52
90 -181.628
91 -181.749
92 -181.882
93 -182.026
94 -182.181
95 -182.346
96 -182.52
97 -182.701
98 -182.888
99 -183.079
100 -183.272
101 -183.465
102 -183.657
103 -183.847
104 -184.031
105 -184.21
106 -184.381
107 -184.544
108 -184.697
109 -184.841
110 -184.974
111 -185.097
112 -185.21
113 -185.312
114 -185.404
115 -185.486
116 -185.558
117 -185.621
118 -185.676
119 -185.722
120 -185.76
121 -185.792
122 -185.817
123 -185.835
124 -185.848
125 -185.856
126 -185.859
127 -185.857
128 -185.85
129 -185.839
130 -185.822
131 -185.8
132 -185.771
133 -185.737
134 -185.694
135 -185.644
136 -185.586
137 -185.518
138 -185.442
139 -185.356
140 -185.262
141 -185.161
142 -185.052
143 -184.938
144 -184.82
145 -184.7
146 -184.579
147 -184.459
148 -184.342
149 -184.23
150 -184.123
151 -184.024
152 -183.932
153 -183.851
154 -183.779
155 -183.717
156 -183.667
157 -183.626
158 -183.597
159 -183.578
160 -183.569
161 -183.569
162 -183.578
163 -183.594
164 -183.617
165 -183.646
166 -183.68
167 -183.718
168 -183.759
169 -183.802
170 -183.847
171 -183.892
172 -183.938
173 -183.984
174 -184.03
175 -184.075
176 -184.12
177 -184.165
178 -184.209
179 -184.253
180 -184.298
181 -184.343
182 -184.389
183 -184.436
184 -184.485
185 -184.535
186 -184.586
187 -184.64
188 -184.696
189 -184.754
190 -184.815
191 -184.879
192 -184.945
193 -185.014
194 -185.086
195 -185.162
196 -185.241
197 -185.324
198 -185.41
199 -185.502
200 -185.598
201 -185.698
202 -185.804
203 -185.916
204 -186.033
205 -186.157
206 -186.286
207 -186.423
208 -186.566
209 -186.716
210 -186.873
211 -187.037
212 -187.209
213 -187.388
214 -187.575
215 -187.771
216 -187.974
217 -188.185
218 -188.404
219 -188.632
220 -188.868
221 -189.112
222 -189.364
223 -189.624
224 -189.89
225 -190.163
226 -190.441
227 -190.723
228 -191.008
229 -191.293
230 -191.576
231 -191.855
232 -192.126
233 -192.386
234 -192.633
235 -192.863
236 -193.074
237 -193.263
238 -193.428
239 -193.57
240 -193.688
241 -193.784
242 -193.859
243 -193.917
244 -193.961
245 -193.992
246 -194.016
247 -194.035
248 -194.053
249 -194.07
250 -194.09
251 -194.113
252 -194.14
253 -194.172
254 -194.209
255 -194.249
256 -194.292
257 -194.335
258 -194.378
259 -194.418
260 -194.454
261 -194.482
262 -194.502
263 -194.51
264 -194.506
265 -194.489
266 -194.457
267 -194.41
268 -194.35
269 -194.275
270 -194.187
271 -194.088
272 -193.977
273 -193.859
274 -193.732
275 -193.6
276 -193.463
277 -193.322
278 -193.179
279 -193.034
280 -192.888
281 -192.742
282 -192.597
283 -192.451
284 -192.306
285 -192.162
286 -192.019
287 -191.877
288 -191.736
289 -191.595
290 -191.455
291 -191.315
292 -191.175
293 -191.036
294 -190.897
295 -190.759
296 -190.62
297 -190.482
298 -190.343
299 -190.206
300 -190.069
301 -189.933
302 -189.798
303 -189.664
304 -189.533
305 -189.403
306 -189.276
307 -189.152
308 -189.031
309 -188.914
310 -188.8
311 -188.691
312 -188.585
313 -188.485
314 -188.389
315 -188.298
316 -188.212
317 -188.13
318 -188.054
319 -187.982
320 -187.915
321 -187.852
322 -187.795
323 -187.741
324 -187.692
325 -187.647
326 -187.605
327 -187.568
328 -187.534
329 -187.504
330 -187.477
331 -187.453
332 -187.433
333 -187.415
334 -187.401
335 -187.39
336 -187.381
337 -187.376
338 -187.373
339 -187.373
340 -187.375
341 -187.379
342 -187.385
343 -187.393
344 -187.403
345 -187.414
346 -187.425
347 -187.438
348 -187.45
349 -187.463
350 -187.475
351 -187.486
352 -187.496
353 -187.504
354 -187.512
355 -187.517
356 -187.521
357 -187.522
358 -187.522
359 -187.519
360 -187.515
361 -187.508
362 -187.5
363 -187.491
364 -187.481
365 -187.469
366 -187.457
367 -187.445
368 -187.433
369 -187.421
370 -187.41
371 -187.399
372 -187.39
373 -187.382
374 -187.375
375 -187.37
376 -187.367
377 -187.366
378 -187.366
379 -187.369
380 -187.373
381 -187.379
382 -187.387
383 -187.396
384 -187.407
385 -187.419
386 -187.432
387 -187.446
388 -187.46
389 -187.475
390 -187.49
391 -187.505
392 -187.519
393 -187.532
394 -187.545
395 -187.557
396 -187.568
397 -187.578
398 -187.586
399 -187.594
400 -187.6
401 -187.604
402 -187.608
403 -187.611
404 -187.612
405 -187.613
406 -187.614
407 -187.614
408 -187.614
409 -187.614
410 -187.614
411 -187.614
412 -187.615
413 -187.616
414 -187.618
415 -187.621
416 -187.625
417 -187.63
418 -187.637
419 -187.644
420 -187.652
421 -187.662
422 -187.673
423 -187.685
424 -187.698
425 -187.712
426 -187.728
427 -187.745
428 -187.763
429 -187.783
430 -187.804
431 -187.826
432 -187.85
433 -187.875
434 -187.902
435 -187.93
436 -187.959
437 -187.99
438 -188.023
439 -188.057
440 -188.093
441 -188.13
442 -188.169
443 -188.209
444 -188.251
445 -188.294
446 -188.338
447 -188.384
448 -188.432
449 -188.48
450 -188.53
451 -188.581
452 -188.633
453 -188.686
454 -188.74
455 -188.794
456 -188.85
457 -188.906
458 -188.964
459 -189.022
460 -189.08
461 -189.14
462 -189.199
463 -189.26
464 -189.321
465 -189.383
466 -189.445
467 -189.507
468 -189.57
469 -189.633
470 -189.696
471 -189.76
472 -189.824
473 -189.888
474 -189.952
475 -190.016
476 -190.08
477 -190.144
478 -190.207
479 -190.271
480 -190.333
481 -190.395
482 -190.457
483 -190.517
484 -190.577
485 -190.636
486 -190.694
487 -190.751
488 -190.806
489 -190.861
490 -190.914
491 -190.967
492 -191.019
493 -191.07
494 -191.12
495 -191.169
496 -191.218
497 -191.267
498 -191.316
499 -191.365
500 -191.414
501 -191.464
502 -191.514
503 -191.566
504 -191.619
505 -191.674
506 -191.73
507 -191.788
508 -191.848
509 -191.91
510 -191.974
511 -192.041
512 -192.11
513 -192.181
514 -192.254
515 -192.33
516 -192.407
517 -192.487
518 -192.568
519 -192.651
520 -192.736
521 -192.821
522 -192.908
523 -192.995
524 -193.084
525 -193.172
526 -193.261
527 -193.35
528 -193.438
529 -193.526
530 -193.613
531 -193.699
532 -193.784
533 -193.868
534 -193.951
535 -194.032
536 -194.111
537 -194.188
538 -194.264
539 -194.339
540 -194.411
541 -194.482
542 -194.551
543 -194.618
544 -194.683
545 -194.747
546 -194.809
547 -194.87
548 -194.93
549 -194.987
550 -195.044
551 -195.1
552 -195.154
553 -195.208
554 -195.261
555 -195.313
556 -195.364
557 -195.415
558 -195.465
559 -195.515
560 -195.564
561 -195.613
562 -195.662
563 -195.71
564 -195.759
565 -195.807
566 -195.856
567 -195.904
568 -195.952
569 -196.001
570 -196.049
571 -196.097
572 -196.146
573 -196.195
574 -196.243
575 -196.292
576 -196.341
577 -196.389
578 -196.437
579 -196.486
580 -196.534
581 -196.582
582 -196.63
583 -196.677
584 -196.724
585 -196.771
586 -196.818
587 -196.864
588 -196.91
589 -196.956
590 -197.001
591 -197.046
592 -197.091
593 -197.136
594 -197.181
595 -197.226
596 -197.271
597 -197.316
598 -197.362
599 -197.408
600 -197.455
601 -197.502
602 -197.55
603 -197.598
604 -197.648
605 -197.698
606 -197.749
607 -197.801
608 -197.854
609 -197.907
610 -197.962
611 -198.017
612 -198.073
613 -198.129
614 -198.187
615 -198.245
616 -198.303
617 -198.362
618 -198.421
619 -198.48
620 -198.54
621 -198.6
622 -198.66
623 -198.72
624 -198.78
625 -198.841
626 -198.901
627 -198.962
628 -199.022
629 -199.083
630 -199.144
631 -199.205
632 -199.266
633 -199.327
634 -199.389
635 -199.452
636 -199.515
637 -199.578
638 -199.641
639 -199.705
640 -199.77
641 -199.835
642 -199.901
643 -199.967
644 -200.033
645 -200.099
646 -200.166
647 -200.233
648 -200.3
649 -200.367
650 -200.434
651 -200.5
652 -200.565
653 -200.629
654 -200.693
655 -200.755
656 -200.815
657 -200.874
658 -200.931
659 -200.986
660 -201.038
661 -201.088
662 -201.135
663 -201.18
664 -201.222
665 -201.26
666 -201.295
667 -201.327
668 -201.356
669 -201.382
670 -201.405
671 -201.424
672 -201.44
673 -201.453
674 -201.463
675 -201.471
676 -201.475
677 -201.477
678 -201.477
679 -201.473
680 -201.468
681 -201.461
682 -201.452
683 -201.441
684 -201.429
685 -201.415
686 -201.4
687 -201.384
688 -201.367
689 -201.35
690 -201.332
691 -201.313
692 -201.294
693 -201.275
694 -201.255
695 -201.236
696 -201.217
697 -201.199
698 -201.18
699 -201.162
700 -201.144
701 -201.126
702 -201.109
703 -201.093
704 -201.078
705 -201.062
706 -201.048
707 -201.033
708 -201.02
709 -201.007
710 -200.994
711 -200.982
712 -200.97
713 -200.958
714 -200.946
715 -200.935
716 -200.923
717 -200.912
718 -200.9
719 -200.889
720 -200.877
721 -200.864
722 -200.851
723 -200.838
724 -200.825
725 -200.811
726 -200.796
727 -200.781
728 -200.765
729 -200.749
730 -200.732
731 -200.715
732 -200.697
733 -200.678
734 -200.659
735 -200.639
736 -200.619
737 -200.599
738 -200.578
739 -200.557
740 -200.536
741 -200.514
742 -200.492
743 -200.47
744 -200.448
745 -200.426
746 -200.404
747 -200.381
748 -200.359
749 -200.336
750 -200.313
751 -200.291
752 -200.268
753 -200.246
754 -200.223
755 -200.2
756 -200.177
757 -200.155
758 -200.132
759 -200.109
760 -200.085
761 -200.062
762 -200.039
763 -200.016
764 -199.992
765 -199.969
766 -199.946
767 -199.923
768 -199.9
769 -199.877
770 -199.854
771 -199.832
772 -199.81
773 -199.788
774 -199.766
775 -199.744
776 -199.723
777 -199.703
778 -199.683
779 -199.664
780 -199.645
781 -199.626
782 -199.608
783 -199.591
784 -199.575
785 -199.559
786 -199.543
787 -199.529
788 -199.514
789 -199.5
790 -199.487
791 -199.475
792 -199.463
793 -199.451
794 -199.44
795 -199.429
796 -199.419
797 -199.409
798 -199.399
799 -199.39
800 -199.381
