0 -176.059
1 -176.058
2 -176.076
3 -176.114
4 -176.173
5 -176.253
6 -176.353
7 -176.474
8 -176.614
9 -176.772
10 -176.946
11 -177.133
12 -177.332
13 -177.541
14 -177.756
15 -177.975
16 -178.195
17 -178.413
18 -178.625
19 -178.829
20 -179.023
21 -179.203
22 -179.367
23 -179.512
24 -179.638
25 -179.744
26 -179.827
27 -179.889
28 -179.928
29 -179.946
30 -179.944
31 -179.922
32 -179.883
33 -179.829
34 -179.762
35 -179.683
36 -179.597
37 -179.505
38 -179.411
39 -179.317
40 -179.225
41 -179.138
42 -179.059
43 -178.99
44 -178.932
45 -178.886
46 -178.855
47 -178.84
48 -178.84
49 -178.858
50 -178.892
51 -178.944
52 -179.012
53 -179.097
54 -179.198
55 -179.314
56 -179.444
57 -179.587
58 -179.741
59 -179.905
60 -180.078
61 -180.258
62 -180.443
63 -180.632
64 -180.824
65 -181.017
66 -181.21
67 -181.403
68 -181.596
69 -181.787
70 -181.978
71 -182.169
72 -182.359
73 -182.551
74 -182.743
75 -182.937
76 -183.133
77 -183.33
78 -183.527
79 -183.724
80 -183.919
81 -184.108
82 -184.29
83 -184.46
84 -184.615
85 -184.75
86 -184.862
87 -184.946
88 -185
89 -185.022
90 -185.012
91 -184.971
92 -184.899
93 -184.802
94 -184.682
95 -184.544
96 -184.392
97 -184.23
98 -184.063
99 -183.894
100 -183.726
101 -183.561
102 -183.401
103 -183.247
104 -183.102
105 -182.964
106 -182.836
107 -182.716
108 -182.606
109 -182.504
110 -182.412
111 -182.328
112 -182.253
113 -182.186
114 -182.127
115 -182.075
116 -182.031
117 -181.994
118 -181.964
119 -181.94
120 -181.923
121 -181.912
122 -181.906
123 -181.906
124 -181.911
125 -181.921
126 -181.935
127 -181.952
128 -181.973
129 -181.996
130 -182.021
131 -182.048
132 -182.077
133 -182.106
134 -182.137
135 -182.168
136 -182.2
137 -182.232
138 -182.266
139 -182.301
140 -182.338
141 -182.377
142 -182.419
143 -182.465
144 -182.515
145 -182.571
146 -182.633
147 -182.701
148 -182.778
149 -182.862
150 -182.955
151 -183.058
152 -183.17
153 -183.292
154 -183.425
155 -183.568
156 -183.722
157 -183.885
158 -184.059
159 -184.243
160 -184.435
161 -184.637
162 -184.847
163 -185.065
164 -185.29
165 -185.522
166 -185.759
167 -186.001
168 -186.248
169 -186.498
170 -186.752
171 -187.008
172 -187.266
173 -187.527
174 -187.788
175 -188.051
176 -188.315
177 -188.58
178 -188.845
179 -189.11
180 -189.375
181 -189.64
182 -189.903
183 -190.165
184 -190.424
185 -190.679
186 -190.93
187 -191.176
188 -191.415
189 -191.647
190 -191.869
191 -192.082
192 -192.283
193 -192.472
194 -192.648
195 -192.81
196 -192.957
197 -193.09
198 -193.208
199 -193.31
200 -193.397
201 -193.469
202 -193.525
203 -193.566
204 -193.592
205 -193.604
206 -193.6
207 -193.583
208 -193.551
209 -193.506
210 -193.447
211 -193.377
212 -193.294
213 -193.2
214 -193.096
215 -192.983
216 -192.86
217 -192.728
218 -192.589
219 -192.442
220 -192.288
221 -192.128
222 -191.962
223 -191.79
224 -191.612
225 -191.429
226 -191.24
227 -191.048
228 -190.851
229 -190.65
230 -190.446
231 -190.24
232 -190.032
233 -189.824
234 -189.616
235 -189.408
236 -189.202
237 -188.999
238 -188.8
239 -188.605
240 -188.415
241 -188.23
242 -188.052
243 -187.881
244 -187.717
245 -187.561
246 -187.412
247 -187.271
248 -187.138
249 -187.013
250 -186.895
251 -186.785
252 -186.682
253 -186.586
254 -186.497
255 -186.414
256 -186.337
257 -186.265
258 -186.198
259 -186.136
260 -186.079
261 -186.025
262 -185.974
263 -185.927
264 -185.882
265 -185.841
266 -185.801
267 -185.764
268 -185.729
269 -185.695
270 -185.664
271 -185.634
272 -185.606
273 -185.579
274 -185.554
275 -185.53
276 -185.508
277 -185.488
278 -185.469
279 -185.452
280 -185.436
281 -185.422
282 -185.41
283 -185.4
284 -185.391
285 -185.384
286 -185.378
287 -185.375
288 -185.373
289 -185.373
290 -185.374
291 -185.378
292 -185.383
293 -185.389
294 -185.397
295 -185.406
296 -185.417
297 -185.429
298 -185.442
299 -185.456
300 -185.471
301 -185.486
302 -185.502
303 -185.518
304 -185.534
305 -185.55
306 -185.566
307 -185.581
308 -185.596
309 -185.611
310 -185.625
311 -185.638
312 -185.65
313 -185.661
314 -185.672
315 -185.682
316 -185.691
317 -185.699
318 -185.706
319 -185.713
320 -185.72
321 -185.726
322 -185.731
323 -185.737
324 -185.741
325 -185.746
326 -185.751
327 -185.755
328 -185.759
329 -185.763
330 -185.767
331 -185.771
332 -185.775
333 -185.779
334 -185.782
335 -185.786
336 -185.79
337 -185.794
338 -185.798
339 -185.802
340 -185.806
341 -185.811
342 -185.816
343 -185.822
344 -185.829
345 -185.837
346 -185.845
347 -185.855
348 -185.866
349 -185.879
350 -185.893
351 -185.909
352 -185.926
353 -185.946
354 -185.967
355 -185.991
356 -186.016
357 -186.044
358 -186.073
359 -186.105
360 -186.139
361 -186.174
362 -186.212
363 -186.252
364 -186.293
365 -186.336
366 -186.381
367 -186.427
368 -186.475
369 -186.524
370 -186.574
371 -186.625
372 -186.677
373 -186.73
374 -186.784
375 -186.839
376 -186.894
377 -186.95
378 -187.006
379 -187.063
380 -187.12
381 -187.177
382 -187.235
383 -187.293
384 -187.352
385 -187.41
386 -187.47
387 -187.529
388 -187.589
389 -187.65
390 -187.712
391 -187.774
392 -187.837
393 -187.901
394 -187.966
395 -188.032
396 -188.1
397 -188.169
398 -188.239
399 -188.311
400 -188.384
401 -188.459
402 -188.535
403 -188.613
404 -188.693
405 -188.774
406 -188.857
407 -188.942
408 -189.028
409 -189.115
410 -189.204
411 -189.295
412 -189.386
413 -189.479
414 -189.573
415 -189.667
416 -189.763
417 -189.86
418 -189.958
419 -190.057
420 -190.156
421 -190.256
422 -190.357
423 -190.458
424 -190.561
425 -190.664
426 -190.767
427 -190.871
428 -190.976
429 -191.081
430 -191.187
431 -191.293
432 -191.4
433 -191.507
434 -191.614
435 -191.722
436 -191.83
437 -191.939
438 -192.047
439 -192.156
440 -192.264
441 -192.372
442 -192.481
443 -192.588
444 -192.696
445 -192.803
446 -192.91
447 -193.016
448 -193.121
449 -193.226
450 -193.33
451 -193.433
452 -193.535
453 -193.637
454 -193.737
455 -193.836
456 -193.934
457 -194.032
458 -194.128
459 -194.224
460 -194.318
461 -194.41
462 -194.502
463 -194.593
464 -194.683
465 -194.771
466 -194.859
467 -194.944
468 -195.029
469 -195.112
470 -195.194
471 -195.275
472 -195.354
473 -195.432
474 -195.508
475 -195.583
476 -195.656
477 -195.727
478 -195.797
479 -195.865
480 -195.932
481 -195.996
482 -196.059
483 -196.12
484 -196.179
485 -196.237
486 -196.294
487 -196.348
488 -196.401
489 -196.453
490 -196.504
491 -196.554
492 -196.604
493 -196.652
494 -196.7
495 -196.747
496 -196.794
497 -196.842
498 -196.889
499 -196.937
500 -196.986
501 -197.035
502 -197.084
503 -197.134
504 -197.186
505 -197.238
506 -197.292
507 -197.346
508 -197.402
509 -197.458
510 -197.515
511 -197.574
512 -197.634
513 -197.694
514 -197.755
515 -197.816
516 -197.878
517 -197.941
518 -198.004
519 -198.067
520 -198.13
521 -198.193
522 -198.255
523 -198.317
524 -198.379
525 -198.441
526 -198.502
527 -198.562
528 -198.621
529 -198.68
530 -198.737
531 -198.794
532 -198.849
533 -198.904
534 -198.958
535 -199.01
536 -199.061
537 -199.111
538 -199.16
539 -199.208
540 -199.254
541 -199.3
542 -199.344
543 -199.387
544 -199.428
545 -199.469
546 -199.508
547 -199.546
548 -199.583
549 -199.618
550 -199.652
551 -199.684
552 -199.715
553 -199.745
554 -199.774
555 -199.801
556 -199.826
557 -199.849
558 -199.871
559 -199.891
560 -199.91
561 -199.927
562 -199.943
563 -199.956
564 -199.967
565 -199.977
566 -199.985
567 -199.991
568 -199.995
569 -199.998
570 -199.998
571 -199.996
572 -199.993
573 -199.988
574 -199.981
575 -199.973
576 -199.962
577 -199.95
578 -199.935
579 -199.919
580 -199.902
581 -199.883
582 -199.862
583 -199.84
584 -199.815
585 -199.789
586 -199.762
587 -199.733
588 -199.702
589 -199.671
590 -199.637
591 -199.602
592 -199.565
593 -199.527
594 -199.487
595 -199.447
596 -199.405
597 -199.362
598 -199.317
599 -199.271
600 -199.224
601 -199.176
602 -199.127
603 -199.077
604 -199.026
605 -198.974
606 -198.921
607 -198.868
608 -198.815
609 -198.761
610 -198.707
611 -198.652
612 -198.596
613 -198.541
614 -198.486
615 -198.43
616 -198.375
617 -198.32
618 -198.265
619 -198.21
620 -198.155
621 -198.1
622 -198.046
623 -197.993
624 -197.939
625 -197.886
626 -197.833
627 -197.78
628 -197.729
629 -197.677
630 -197.626
631 -197.575
632 -197.525
633 -197.475
634 -197.425
635 -197.376
636 -197.327
637 -197.279
638 -197.231
639 -197.183
640 -197.135
641 -197.088
642 -197.042
643 -196.996
644 -196.95
645 -196.905
646 -196.86
647 -196.815
648 -196.771
649 -196.728
650 -196.686
651 -196.643
652 -196.602
653 -196.561
654 -196.52
655 -196.481
656 -196.442
657 -196.405
658 -196.368
659 -196.331
660 -196.296
661 -196.261
662 -196.227
663 -196.195
664 -196.163
665 -196.132
666 -196.102
667 -196.073
668 -196.045
669 -196.018
670 -195.992
671 -195.966
672 -195.942
673 -195.919
674 -195.896
675 -195.874
676 -195.854
677 -195.834
678 -195.816
679 -195.797
680 -195.78
681 -195.764
682 -195.748
683 -195.733
684 -195.72
685 -195.706
686 -195.694
687 -195.682
688 -195.671
689 -195.661
690 -195.651
691 -195.642
692 -195.634
693 -195.627
694 -195.62
695 -195.613
696 -195.608
697 -195.603
698 -195.599
699 -195.595
700 -195.592
701 -195.589
702 -195.588
703 -195.586
704 -195.586
705 -195.586
706 -195.586
707 -195.588
708 -195.589
709 -195.592
710 -195.595
711 -195.599
712 -195.603
713 -195.608
714 -195.614
715 -195.62
716 -195.627
717 -195.635
718 -195.644
719 -195.653
720 -195.663
721 -195.674
722 -195.685
723 -195.698
724 -195.711
725 -195.726
726 -195.741
727 -195.756
728 -195.773
729 -195.79
730 -195.809
731 -195.828
732 -195.848
733 -195.869
734 -195.891
735 -195.913
736 -195.937
737 -195.961
738 -195.986
739 -196.011
740 -196.037
741 -196.064
742 -196.091
743 -196.119
744 -196.148
745 -196.177
746 -196.207
747 -196.237
748 -196.268
749 -196.298
750 -196.329
751 -196.361
752 -196.393
753 -196.425
754 -196.457
755 -196.489
756 -196.522
757 -196.554
758 -196.587
759 -196.62
760 -196.653
761 -196.686
762 -196.718
763 -196.751
764 -196.784
765 -196.816
766 -196.849
767 -196.881
768 -196.913
769 -196.945
770 -196.977
771 -197.008
772 -197.039
773 -197.07
774 -197.101
775 -197.131
776 -197.161
777 -197.19
778 -197.219
779 -197.248
780 -197.276
781 -197.303
782 -197.33
783 -197.356
784 -197.382
785 -197.407
786 -197.431
787 -197.455
788 -197.478
789 -197.5
790 -197.522
791 -197.543
792 -197.563
793 -197.583
794 -197.602
795 -197.619
796 -197.636
797 -197.653
798 -197.669
799 -197.684
800 -197.698
