0 -176.507
1 -176.464
2 -176.426
3 -176.399
4 -176.385
5 -176.388
6 -176.41
7 -176.452
8 -176.515
9 -176.599
10 -176.703
11 -176.828
12 -176.971
13 -177.132
14 -177.307
15 -177.496
16 -177.695
17 -177.902
18 -178.114
19 -178.328
20 -178.541
21 -178.751
22 -178.954
23 -179.147
24 -179.329
25 -179.497
26 -179.649
27 -179.784
28 -179.9
29 -179.996
30 -180.072
31 -180.128
32 -180.165
33 -180.183
34 -180.182
35 -180.166
36 -180.134
37 -180.089
38 -180.034
39 -179.969
40 -179.897
41 -179.82
42 -179.741
43 -179.66
44 -179.58
45 -179.503
46 -179.431
47 -179.365
48 -179.307
49 -179.259
50 -179.221
51 -179.195
52 -179.183
53 -179.184
54 -179.2
55 -179.232
56 -179.279
57 -179.342
58 -179.421
59 -179.516
60 -179.626
61 -179.751
62 -179.889
63 -180.039
64 -180.201
65 -180.373
66 -180.553
67 -180.74
68 -180.931
69 -181.126
70 -181.322
71 -181.519
72 -181.714
73 -181.908
74 -182.099
75 -182.287
76 -182.472
77 -182.655
78 -182.835
79 -183.013
80 -183.19
81 -183.366
82 -183.542
83 -183.717
84 -183.891
85 -184.064
86 -184.234
87 -184.399
88 -184.558
89 -184.708
90 -184.845
91 -184.967
92 -185.069
93 -185.148
94 -185.202
95 -185.228
96 -185.225
97 -185.194
98 -185.135
99 -185.049
100 -184.941
101 -184.814
102 -184.67
103 -184.516
104 -184.354
105 -184.188
106 -184.021
107 -183.856
108 -183.695
109 -183.541
110 -183.394
111 -183.255
112 -183.126
113 -183.006
114 -182.896
115 -182.795
116 -182.703
117 -182.621
118 -182.547
119 -182.482
120 -182.424
121 -182.374
122 -182.33
123 -182.294
124 -182.263
125 -182.239
126 -182.22
127 -182.206
128 -182.198
129 -182.195
130 -182.196
131 -182.202
132 -182.212
133 -182.226
134 -182.244
135 -182.265
136 -182.289
137 -182.315
138 -182.345
139 -182.376
140 -182.409
141 -182.444
142 -182.479
143 -182.516
144 -182.554
145 -182.594
146 -182.634
147 -182.675
148 -182.719
149 -182.764
150 -182.812
151 -182.862
152 -182.917
153 -182.975
154 -183.039
155 -183.109
156 -183.185
157 -183.268
158 -183.359
159 -183.458
160 -183.567
161 -183.685
162 -183.813
163 -183.952
164 -184.1
165 -184.26
166 -184.43
167 -184.61
168 -184.8
169 -185.001
170 -185.21
171 -185.428
172 -185.655
173 -185.889
174 -186.129
175 -186.375
176 -186.625
177 -186.88
178 -187.137
179 -187.396
180 -187.657
181 -187.918
182 -188.179
183 -188.44
184 -188.699
185 -188.957
186 -189.214
187 -189.469
188 -189.722
189 -189.974
190 -190.223
191 -190.471
192 -190.716
193 -190.958
194 -191.198
195 -191.433
196 -191.664
197 -191.889
198 -192.108
199 -192.318
200 -192.52
201 -192.711
202 -192.89
203 -193.057
204 -193.209
205 -193.347
206 -193.469
207 -193.576
208 -193.667
209 -193.742
210 -193.801
211 -193.846
212 -193.875
213 -193.891
214 -193.893
215 -193.881
216 -193.857
217 -193.821
218 -193.772
219 -193.712
220 -193.64
221 -193.558
222 -193.465
223 -193.361
224 -193.248
225 -193.125
226 -192.994
227 -192.854
228 -192.707
229 -192.553
230 -192.392
231 -192.226
232 -192.055
233 -191.879
234 -191.699
235 -191.516
236 -191.329
237 -191.14
238 -190.949
239 -190.756
240 -190.561
241 -190.365
242 -190.169
243 -189.973
244 -189.777
245 -189.583
246 -189.389
247 -189.199
248 -189.01
249 -188.826
250 -188.645
251 -188.468
252 -188.297
253 -188.131
254 -187.971
255 -187.817
256 -187.671
257 -187.531
258 -187.398
259 -187.273
260 -187.155
261 -187.044
262 -186.941
263 -186.845
264 -186.756
265 -186.673
266 -186.597
267 -186.527
268 -186.463
269 -186.404
270 -186.349
271 -186.3
272 -186.254
273 -186.212
274 -186.172
275 -186.136
276 -186.102
277 -186.07
278 -186.04
279 -186.012
280 -185.984
281 -185.958
282 -185.934
283 -185.909
284 -185.886
285 -185.864
286 -185.843
287 -185.823
288 -185.804
289 -185.786
290 -185.769
291 -185.754
292 -185.739
293 -185.727
294 -185.716
295 -185.706
296 -185.698
297 -185.691
298 -185.686
299 -185.683
300 -185.681
301 -185.681
302 -185.683
303 -185.686
304 -185.69
305 -185.696
306 -185.703
307 -185.711
308 -185.721
309 -185.732
310 -185.743
311 -185.756
312 -185.769
313 -185.783
314 -185.797
315 -185.812
316 -185.827
317 -185.842
318 -185.857
319 -185.872
320 -185.886
321 -185.9
322 -185.914
323 -185.927
324 -185.939
325 -185.95
326 -185.961
327 -185.97
328 -185.979
329 -185.986
330 -185.993
331 -185.999
332 -186.005
333 -186.009
334 -186.013
335 -186.017
336 -186.02
337 -186.023
338 -186.025
339 -186.028
340 -186.03
341 -186.033
342 -186.036
343 -186.039
344 -186.042
345 -186.045
346 -186.049
347 -186.053
348 -186.058
349 -186.063
350 -186.068
351 -186.074
352 -186.08
353 -186.086
354 -186.093
355 -186.101
356 -186.11
357 -186.119
358 -186.128
359 -186.139
360 -186.15
361 -186.163
362 -186.177
363 -186.192
364 -186.208
365 -186.226
366 -186.246
367 -186.267
368 -186.291
369 -186.316
370 -186.343
371 -186.372
372 -186.403
373 -186.437
374 -186.472
375 -186.509
376 -186.549
377 -186.59
378 -186.633
379 -186.677
380 -186.724
381 -186.772
382 -186.821
383 -186.872
384 -186.924
385 -186.977
386 -187.03
387 -187.085
388 -187.14
389 -187.196
390 -187.252
391 -187.309
392 -187.365
393 -187.422
394 -187.48
395 -187.537
396 -187.595
397 -187.652
398 -187.71
399 -187.768
400 -187.826
401 -187.884
402 -187.943
403 -188.002
404 -188.061
405 -188.121
406 -188.181
407 -188.242
408 -188.303
409 -188.366
410 -188.43
411 -188.494
412 -188.56
413 -188.627
414 -188.695
415 -188.765
416 -188.836
417 -188.909
418 -188.983
419 -189.059
420 -189.137
421 -189.216
422 -189.297
423 -189.38
424 -189.464
425 -189.55
426 -189.638
427 -189.726
428 -189.816
429 -189.908
430 -190.001
431 -190.094
432 -190.189
433 -190.285
434 -190.381
435 -190.478
436 -190.576
437 -190.674
438 -190.773
439 -190.872
440 -190.971
441 -191.071
442 -191.171
443 -191.271
444 -191.371
445 -191.472
446 -191.573
447 -191.674
448 -191.775
449 -191.876
450 -191.978
451 -192.079
452 -192.181
453 -192.283
454 -192.385
455 -192.486
456 -192.588
457 -192.689
458 -192.791
459 -192.892
460 -192.993
461 -193.093
462 -193.192
463 -193.291
464 -193.39
465 -193.488
466 -193.584
467 -193.68
468 -193.775
469 -193.868
470 -193.961
471 -194.053
472 -194.143
473 -194.233
474 -194.321
475 -194.408
476 -194.494
477 -194.578
478 -194.662
479 -194.745
480 -194.826
481 -194.907
482 -194.986
483 -195.064
484 -195.142
485 -195.218
486 -195.293
487 -195.367
488 -195.44
489 -195.512
490 -195.582
491 -195.652
492 -195.72
493 -195.788
494 -195.853
495 -195.918
496 -195.981
497 -196.043
498 -196.104
499 -196.164
500 -196.222
501 -196.279
502 -196.335
503 -196.389
504 -196.443
505 -196.496
506 -196.547
507 -196.598
508 -196.647
509 -196.696
510 -196.744
511 -196.792
512 -196.839
513 -196.886
514 -196.933
515 -196.98
516 -197.027
517 -197.074
518 -197.122
519 -197.17
520 -197.219
521 -197.269
522 -197.319
523 -197.37
524 -197.423
525 -197.476
526 -197.531
527 -197.587
528 -197.643
529 -197.701
530 -197.76
531 -197.82
532 -197.881
533 -197.942
534 -198.005
535 -198.068
536 -198.131
537 -198.194
538 -198.258
539 -198.322
540 -198.386
541 -198.45
542 -198.512
543 -198.575
544 -198.636
545 -198.697
546 -198.757
547 -198.816
548 -198.874
549 -198.93
550 -198.985
551 -199.038
552 -199.09
553 -199.141
554 -199.19
555 -199.238
556 -199.284
557 -199.329
558 -199.372
559 -199.414
560 -199.454
561 -199.493
562 -199.531
563 -199.567
564 -199.601
565 -199.635
566 -199.667
567 -199.698
568 -199.728
569 -199.756
570 -199.783
571 -199.808
572 -199.833
573 -199.856
574 -199.878
575 -199.899
576 -199.918
577 -199.936
578 -199.952
579 -199.968
580 -199.982
581 -199.994
582 -200.006
583 -200.015
584 -200.023
585 -200.029
586 -200.035
587 -200.039
588 -200.041
589 -200.042
590 -200.041
591 -200.038
592 -200.034
593 -200.029
594 -200.023
595 -200.015
596 -200.005
597 -199.994
598 -199.981
599 -199.967
600 -199.951
601 -199.934
602 -199.916
603 -199.897
604 -199.876
605 -199.853
606 -199.83
607 -199.805
608 -199.779
609 -199.752
610 -199.723
611 -199.694
612 -199.662
613 -199.63
614 -199.597
615 -199.563
616 -199.528
617 -199.492
618 -199.454
619 -199.415
620 -199.375
621 -199.335
622 -199.294
623 -199.251
624 -199.208
625 -199.164
626 -199.119
627 -199.073
628 -199.027
629 -198.98
630 -198.933
631 -198.885
632 -198.837
633 -198.788
634 -198.739
635 -198.69
636 -198.641
637 -198.592
638 -198.543
639 -198.493
640 -198.444
641 -198.395
642 -198.346
643 -198.298
644 -198.25
645 -198.202
646 -198.155
647 -198.107
648 -198.061
649 -198.015
650 -197.969
651 -197.924
652 -197.879
653 -197.834
654 -197.79
655 -197.746
656 -197.703
657 -197.66
658 -197.618
659 -197.576
660 -197.534
661 -197.492
662 -197.451
663 -197.41
664 -197.37
665 -197.33
666 -197.29
667 -197.251
668 -197.212
669 -197.173
670 -197.135
671 -197.097
672 -197.06
673 -197.023
674 -196.986
675 -196.95
676 -196.915
677 -196.881
678 -196.846
679 -196.813
680 -196.78
681 -196.748
682 -196.716
683 -196.686
684 -196.656
685 -196.628
686 -196.599
687 -196.572
688 -196.546
689 -196.52
690 -196.496
691 -196.472
692 -196.449
693 -196.428
694 -196.406
695 -196.386
696 -196.367
697 -196.349
698 -196.332
699 -196.315
700 -196.3
701 -196.285
702 -196.27
703 -196.257
704 -196.245
705 -196.233
706 -196.222
707 -196.211
708 -196.201
709 -196.192
710 -196.184
711 -196.176
712 -196.169
713 -196.162
714 -196.156
715 -196.15
716 -196.145
717 -196.14
718 -196.137
719 -196.133
720 -196.13
721 -196.127
722 -196.125
723 -196.124
724 -196.123
725 -196.122
726 -196.122
727 -196.122
728 -196.123
729 -196.124
730 -196.126
731 -196.129
732 -196.132
733 -196.135
734 -196.139
735 -196.143
736 -196.148
737 -196.153
738 -196.16
739 -196.166
740 -196.174
741 -196.181
742 -196.19
743 -196.199
744 -196.209
745 -196.219
746 -196.231
747 -196.242
748 -196.255
749 -196.268
750 -196.282
751 -196.297
752 -196.313
753 -196.33
754 -196.347
755 -196.365
756 -196.383
757 -196.403
758 -196.424
759 -196.445
760 -196.467
761 -196.49
762 -196.513
763 -196.537
764 -196.562
765 -196.588
766 -196.614
767 -196.641
768 -196.669
769 -196.697
770 -196.725
771 -196.754
772 -196.784
773 -196.814
774 -196.844
775 -196.874
776 -196.905
777 -196.936
778 -196.967
779 -196.999
780 -197.03
781 -197.062
782 -197.093
783 -197.125
784 -197.157
785 -197.188
786 -197.22
787 -197.252
788 -197.283
789 -197.314
790 -197.345
791 -197.376
792 -197.407
793 -197.438
794 -197.468
795 -197.498
796 -197.527
797 -197.557
798 -197.586
799 -197.615
800 -197.643
