0 -176.767
1 -176.864
2 -176.948
3 -177.019
4 -177.079
5 -177.128
6 -177.171
7 -177.21
8 -177.249
9 -177.29
10 -177.337
11 -177.392
12 -177.456
13 -177.531
14 -177.617
15 -177.714
16 -177.82
17 -177.934
18 -178.055
19 -178.18
20 -178.307
21 -178.432
22 -178.555
23 -178.671
24 -178.779
25 -178.878
26 -178.965
27 -179.04
28 -179.102
29 -179.153
30 -179.192
31 -179.222
32 -179.244
33 -179.26
34 -179.272
35 -179.284
36 -179.296
37 -179.312
38 -179.332
39 -179.36
40 -179.395
41 -179.439
42 -179.492
43 -179.554
44 -179.626
45 -179.708
46 -179.798
47 -179.897
48 -180.005
49 -180.119
50 -180.24
51 -180.367
52 -180.499
53 -180.635
54 -180.773
55 -180.912
56 -181.049
57 -181.182
58 -181.309
59 -181.426
60 -181.531
61 -181.621
62 -181.694
63 -181.748
64 -181.783
65 -181.798
66 -181.795
67 -181.776
68 -181.743
69 -181.7
70 -181.649
71 -181.595
72 -181.54
73 -181.488
74 -181.441
75 -181.401
76 -181.37
77 -181.348
78 -181.337
79 -181.337
80 -181.348
81 -181.371
82 -181.404
83 -181.447
84 -181.501
85 -181.563
86 -181.633
87 -181.712
88 -181.797
89 -181.89
90 -181.988
91 -182.093
92 -182.204
93 -182.321
94 -182.445
95 -182.576
96 -182.714
97 -182.861
98 -183.015
99 -183.178
100 -183.349
101 -183.528
102 -183.713
103 -183.901
104 -184.092
105 -184.281
106 -184.465
107 -184.64
108 -184.8
109 -184.942
110 -185.061
111 -185.154
112 -185.219
113 -185.255
114 -185.263
115 -185.244
116 -185.201
117 -185.139
118 -185.061
119 -184.971
120 -184.874
121 -184.773
122 -184.671
123 -184.57
124 -184.473
125 -184.381
126 -184.294
127 -184.213
128 -184.139
129 -184.071
130 -184.009
131 -183.952
132 -183.899
133 -183.851
134 -183.806
135 -183.765
136 -183.726
137 -183.69
138 -183.657
139 -183.626
140 -183.597
141 -183.572
142 -183.551
143 -183.533
144 -183.52
145 -183.512
146 -183.51
147 -183.514
148 -183.524
149 -183.542
150 -183.567
151 -183.6
152 -183.642
153 -183.692
154 -183.751
155 -183.819
156 -183.897
157 -183.985
158 -184.084
159 -184.194
160 -184.314
161 -184.446
162 -184.59
163 -184.745
164 -184.911
165 -185.087
166 -185.274
167 -185.47
168 -185.673
169 -185.882
170 -186.094
171 -186.308
172 -186.521
173 -186.731
174 -186.934
175 -187.128
176 -187.312
177 -187.484
178 -187.642
179 -187.787
180 -187.92
181 -188.04
182 -188.152
183 -188.256
184 -188.355
185 -188.452
186 -188.55
187 -188.651
188 -188.758
189 -188.87
190 -188.99
191 -189.118
192 -189.252
193 -189.392
194 -189.534
195 -189.677
196 -189.816
197 -189.947
198 -190.065
199 -190.166
200 -190.245
201 -190.299
202 -190.324
203 -190.32
204 -190.287
205 -190.225
206 -190.136
207 -190.026
208 -189.896
209 -189.751
210 -189.595
211 -189.431
212 -189.263
213 -189.092
214 -188.922
215 -188.754
216 -188.589
217 -188.428
218 -188.272
219 -188.122
220 -187.978
221 -187.84
222 -187.709
223 -187.585
224 -187.469
225 -187.36
226 -187.26
227 -187.167
228 -187.083
229 -187.007
230 -186.941
231 -186.882
232 -186.832
233 -186.791
234 -186.757
235 -186.731
236 -186.712
237 -186.7
238 -186.693
239 -186.692
240 -186.694
241 -186.7
242 -186.707
243 -186.716
244 -186.726
245 -186.735
246 -186.743
247 -186.748
248 -186.751
249 -186.751
250 -186.747
251 -186.739
252 -186.727
253 -186.711
254 -186.69
255 -186.666
256 -186.637
257 -186.605
258 -186.57
259 -186.533
260 -186.494
261 -186.453
262 -186.412
263 -186.372
264 -186.333
265 -186.297
266 -186.264
267 -186.236
268 -186.213
269 -186.197
270 -186.188
271 -186.188
272 -186.198
273 -186.217
274 -186.246
275 -186.286
276 -186.337
277 -186.399
278 -186.473
279 -186.556
280 -186.65
281 -186.754
282 -186.866
283 -186.986
284 -187.113
285 -187.245
286 -187.382
287 -187.521
288 -187.662
289 -187.803
290 -187.944
291 -188.083
292 -188.219
293 -188.353
294 -188.483
295 -188.609
296 -188.732
297 -188.853
298 -188.97
299 -189.086
300 -189.2
301 -189.313
302 -189.425
303 -189.539
304 -189.652
305 -189.766
306 -189.881
307 -189.996
308 -190.111
309 -190.225
310 -190.338
311 -190.449
312 -190.557
313 -190.661
314 -190.762
315 -190.857
316 -190.948
317 -191.033
318 -191.113
319 -191.188
320 -191.258
321 -191.324
322 -191.388
323 -191.449
324 -191.509
325 -191.569
326 -191.631
327 -191.695
328 -191.763
329 -191.836
330 -191.915
331 -192.002
332 -192.097
333 -192.202
334 -192.318
335 -192.446
336 -192.587
337 -192.742
338 -192.913
339 -193.099
340 -193.304
341 -193.526
342 -193.768
343 -194.031
344 -194.314
345 -194.62
346 -194.949
347 -195.301
348 -195.676
349 -196.075
350 -196.498
351 -196.943
352 -197.41
353 -197.895
354 -198.396
355 -198.906
356 -199.42
357 -199.928
358 -200.417
359 -200.875
360 -201.283
361 -201.624
362 -201.882
363 -202.046
364 -202.11
365 -202.074
366 -201.947
367 -201.742
368 -201.476
369 -201.166
370 -200.826
371 -200.469
372 -200.106
373 -199.743
374 -199.388
375 -199.045
376 -198.718
377 -198.407
378 -198.116
379 -197.844
380 -197.592
381 -197.362
382 -197.152
383 -196.962
384 -196.791
385 -196.639
386 -196.505
387 -196.386
388 -196.283
389 -196.192
390 -196.112
391 -196.041
392 -195.978
393 -195.919
394 -195.863
395 -195.809
396 -195.754
397 -195.698
398 -195.638
399 -195.575
400 -195.509
401 -195.439
402 -195.367
403 -195.292
404 -195.217
405 -195.142
406 -195.069
407 -194.999
408 -194.933
409 -194.874
410 -194.821
411 -194.777
412 -194.741
413 -194.714
414 -194.696
415 -194.688
416 -194.689
417 -194.699
418 -194.716
419 -194.74
420 -194.77
421 -194.803
422 -194.839
423 -194.875
424 -194.908
425 -194.938
426 -194.961
427 -194.974
428 -194.977
429 -194.966
430 -194.94
431 -194.898
432 -194.839
433 -194.762
434 -194.668
435 -194.557
436 -194.43
437 -194.288
438 -194.135
439 -193.97
440 -193.798
441 -193.619
442 -193.436
443 -193.251
444 -193.066
445 -192.881
446 -192.7
447 -192.522
448 -192.349
449 -192.182
450 -192.021
451 -191.866
452 -191.718
453 -191.577
454 -191.443
455 -191.315
456 -191.193
457 -191.078
458 -190.969
459 -190.866
460 -190.768
461 -190.676
462 -190.588
463 -190.506
464 -190.428
465 -190.355
466 -190.287
467 -190.223
468 -190.165
469 -190.111
470 -190.062
471 -190.018
472 -189.979
473 -189.945
474 -189.916
475 -189.891
476 -189.872
477 -189.857
478 -189.846
479 -189.839
480 -189.837
481 -189.837
482 -189.841
483 -189.847
484 -189.855
485 -189.865
486 -189.877
487 -189.889
488 -189.903
489 -189.916
490 -189.93
491 -189.943
492 -189.957
493 -189.97
494 -189.982
495 -189.995
496 -190.007
497 -190.018
498 -190.03
499 -190.041
500 -190.052
501 -190.062
502 -190.073
503 -190.084
504 -190.095
505 -190.106
506 -190.117
507 -190.129
508 -190.14
509 -190.152
510 -190.164
511 -190.177
512 -190.19
513 -190.204
514 -190.218
515 -190.234
516 -190.251
517 -190.27
518 -190.291
519 -190.313
520 -190.338
521 -190.366
522 -190.397
523 -190.43
524 -190.467
525 -190.508
526 -190.552
527 -190.599
528 -190.65
529 -190.705
530 -190.763
531 -190.823
532 -190.887
533 -190.953
534 -191.021
535 -191.091
536 -191.161
537 -191.231
538 -191.3
539 -191.367
540 -191.432
541 -191.493
542 -191.55
543 -191.601
544 -191.645
545 -191.682
546 -191.71
547 -191.73
548 -191.74
549 -191.74
550 -191.731
551 -191.712
552 -191.684
553 -191.647
554 -191.603
555 -191.551
556 -191.494
557 -191.431
558 -191.365
559 -191.296
560 -191.226
561 -191.155
562 -191.085
563 -191.015
564 -190.948
565 -190.883
566 -190.821
567 -190.762
568 -190.707
569 -190.656
570 -190.608
571 -190.565
572 -190.525
573 -190.488
574 -190.456
575 -190.426
576 -190.399
577 -190.375
578 -190.353
579 -190.334
580 -190.316
581 -190.301
582 -190.287
583 -190.276
584 -190.265
585 -190.257
586 -190.25
587 -190.245
588 -190.241
589 -190.239
590 -190.238
591 -190.239
592 -190.242
593 -190.246
594 -190.252
595 -190.26
596 -190.27
597 -190.282
598 -190.295
599 -190.31
600 -190.327
601 -190.345
602 -190.365
603 -190.387
604 -190.41
605 -190.435
606 -190.461
607 -190.489
608 -190.518
609 -190.548
610 -190.579
611 -190.612
612 -190.646
613 -190.681
614 -190.717
615 -190.753
616 -190.791
617 -190.828
618 -190.867
619 -190.905
620 -190.943
621 -190.981
622 -191.019
623 -191.056
624 -191.092
625 -191.128
626 -191.162
627 -191.195
628 -191.227
629 -191.257
630 -191.286
631 -191.313
632 -191.338
633 -191.361
634 -191.383
635 -191.403
636 -191.421
637 -191.437
638 -191.451
639 -191.464
640 -191.476
641 -191.486
642 -191.496
643 -191.504
644 -191.513
645 -191.521
646 -191.529
647 -191.538
648 -191.547
649 -191.557
650 -191.569
651 -191.582
652 -191.598
653 -191.615
654 -191.634
655 -191.657
656 -191.681
657 -191.709
658 -191.739
659 -191.772
660 -191.808
661 -191.848
662 -191.89
663 -191.935
664 -191.984
665 -192.035
666 -192.089
667 -192.147
668 -192.208
669 -192.271
670 -192.338
671 -192.409
672 -192.483
673 -192.56
674 -192.641
675 -192.726
676 -192.815
677 -192.908
678 -193.004
679 -193.105
680 -193.21
681 -193.319
682 -193.432
683 -193.548
684 -193.668
685 -193.791
686 -193.916
687 -194.044
688 -194.173
689 -194.303
690 -194.433
691 -194.561
692 -194.689
693 -194.813
694 -194.934
695 -195.05
696 -195.161
697 -195.265
698 -195.361
699 -195.45
700 -195.53
701 -195.601
702 -195.663
703 -195.715
704 -195.759
705 -195.793
706 -195.818
707 -195.835
708 -195.845
709 -195.849
710 -195.847
711 -195.839
712 -195.828
713 -195.814
714 -195.797
715 -195.779
716 -195.76
717 -195.741
718 -195.723
719 -195.705
720 -195.688
721 -195.674
722 -195.661
723 -195.651
724 -195.642
725 -195.636
726 -195.633
727 -195.631
728 -195.631
729 -195.634
730 -195.638
731 -195.643
732 -195.65
733 -195.657
734 -195.665
735 -195.674
736 -195.683
737 -195.692
738 -195.701
739 -195.709
740 -195.717
741 -195.725
742 -195.731
743 -195.737
744 -195.742
745 -195.746
746 -195.749
747 -195.751
748 -195.752
749 -195.752
750 -195.752
751 -195.751
752 -195.75
753 -195.748
754 -195.746
755 -195.744
756 -195.743
757 -195.742
758 -195.742
759 -195.742
760 -195.745
761 -195.748
762 -195.754
763 -195.762
764 -195.772
765 -195.785
766 -195.8
767 -195.818
768 -195.84
769 -195.865
770 -195.893
771 -195.925
772 -195.961
773 -195.999
774 -196.041
775 -196.086
776 -196.135
777 -196.186
778 -196.24
779 -196.297
780 -196.357
781 -196.419
782 -196.482
783 -196.548
784 -196.616
785 -196.684
786 -196.754
787 -196.825
788 -196.897
789 -196.97
790 -197.043
791 -197.118
792 -197.192
793 -197.268
794 -197.343
795 -197.419
796 -197.494
797 -197.57
798 -197.646
799 -197.721
800 -197.796
