0 -176.555
1 -176.595
2 -176.638
3 -176.686
4 -176.741
5 -176.804
6 -176.875
7 -176.954
8 -177.042
9 -177.138
10 -177.241
11 -177.352
12 -177.47
13 -177.594
14 -177.724
15 -177.858
16 -177.996
17 -178.136
18 -178.277
19 -178.417
20 -178.555
21 -178.687
22 -178.812
23 -178.927
24 -179.029
25 -179.115
26 -179.186
27 -179.238
28 -179.272
29 -179.289
30 -179.29
31 -179.279
32 -179.257
33 -179.229
34 -179.199
35 -179.169
36 -179.145
37 -179.127
38 -179.12
39 -179.124
40 -179.142
41 -179.175
42 -179.222
43 -179.283
44 -179.357
45 -179.444
46 -179.543
47 -179.65
48 -179.765
49 -179.886
50 -180.012
51 -180.14
52 -180.27
53 -180.401
54 -180.532
55 -180.664
56 -180.795
57 -180.926
58 -181.058
59 -181.191
60 -181.324
61 -181.458
62 -181.591
63 -181.724
64 -181.853
65 -181.978
66 -182.096
67 -182.205
68 -182.302
69 -182.384
70 -182.45
71 -182.498
72 -182.527
73 -182.538
74 -182.531
75 -182.507
76 -182.469
77 -182.42
78 -182.362
79 -182.297
80 -182.229
81 -182.16
82 -182.092
83 -182.028
84 -181.968
85 -181.913
86 -181.866
87 -181.827
88 -181.796
89 -181.774
90 -181.76
91 -181.756
92 -181.76
93 -181.774
94 -181.797
95 -181.828
96 -181.868
97 -181.915
98 -181.97
99 -182.031
100 -182.098
101 -182.17
102 -182.245
103 -182.324
104 -182.404
105 -182.486
106 -182.569
107 -182.652
108 -182.734
109 -182.818
110 -182.901
111 -182.987
112 -183.075
113 -183.166
114 -183.263
115 -183.367
116 -183.478
117 -183.598
118 -183.729
119 -183.871
120 -184.025
121 -184.19
122 -184.366
123 -184.553
124 -184.748
125 -184.951
126 -185.157
127 -185.364
128 -185.569
129 -185.767
130 -185.954
131 -186.127
132 -186.283
133 -186.418
134 -186.53
135 -186.619
136 -186.685
137 -186.729
138 -186.752
139 -186.757
140 -186.747
141 -186.725
142 -186.694
143 -186.657
144 -186.616
145 -186.573
146 -186.529
147 -186.486
148 -186.445
149 -186.406
150 -186.369
151 -186.334
152 -186.301
153 -186.27
154 -186.24
155 -186.211
156 -186.182
157 -186.152
158 -186.12
159 -186.087
160 -186.051
161 -186.012
162 -185.969
163 -185.922
164 -185.871
165 -185.815
166 -185.755
167 -185.691
168 -185.623
169 -185.552
170 -185.478
171 -185.402
172 -185.326
173 -185.25
174 -185.175
175 -185.101
176 -185.029
177 -184.96
178 -184.895
179 -184.833
180 -184.775
181 -184.722
182 -184.674
183 -184.63
184 -184.591
185 -184.558
186 -184.529
187 -184.506
188 -184.489
189 -184.477
190 -184.472
191 -184.474
192 -184.482
193 -184.498
194 -184.522
195 -184.553
196 -184.592
197 -184.64
198 -184.695
199 -184.759
200 -184.83
201 -184.908
202 -184.993
203 -185.084
204 -185.178
205 -185.277
206 -185.377
207 -185.479
208 -185.58
209 -185.68
210 -185.777
211 -185.87
212 -185.957
213 -186.04
214 -186.116
215 -186.187
216 -186.252
217 -186.312
218 -186.367
219 -186.418
220 -186.466
221 -186.514
222 -186.56
223 -186.608
224 -186.657
225 -186.71
226 -186.766
227 -186.828
228 -186.896
229 -186.97
230 -187.051
231 -187.14
232 -187.237
233 -187.342
234 -187.456
235 -187.578
236 -187.708
237 -187.846
238 -187.993
239 -188.146
240 -188.307
241 -188.475
242 -188.649
243 -188.829
244 -189.015
245 -189.205
246 -189.4
247 -189.599
248 -189.802
249 -190.009
250 -190.22
251 -190.435
252 -190.654
253 -190.877
254 -191.105
255 -191.337
256 -191.575
257 -191.819
258 -192.067
259 -192.32
260 -192.577
261 -192.838
262 -193.101
263 -193.365
264 -193.626
265 -193.882
266 -194.131
267 -194.367
268 -194.588
269 -194.791
270 -194.971
271 -195.125
272 -195.251
273 -195.348
274 -195.415
275 -195.454
276 -195.467
277 -195.455
278 -195.421
279 -195.37
280 -195.304
281 -195.226
282 -195.141
283 -195.051
284 -194.957
285 -194.862
286 -194.769
287 -194.677
288 -194.589
289 -194.506
290 -194.428
291 -194.355
292 -194.289
293 -194.229
294 -194.176
295 -194.13
296 -194.091
297 -194.059
298 -194.033
299 -194.013
300 -193.998
301 -193.989
302 -193.983
303 -193.98
304 -193.978
305 -193.975
306 -193.971
307 -193.964
308 -193.952
309 -193.933
310 -193.905
311 -193.867
312 -193.818
313 -193.757
314 -193.683
315 -193.596
316 -193.495
317 -193.382
318 -193.256
319 -193.12
320 -192.975
321 -192.821
322 -192.662
323 -192.499
324 -192.333
325 -192.167
326 -192.001
327 -191.837
328 -191.677
329 -191.522
330 -191.372
331 -191.228
332 -191.091
333 -190.96
334 -190.837
335 -190.72
336 -190.61
337 -190.506
338 -190.407
339 -190.314
340 -190.225
341 -190.14
342 -190.058
343 -189.979
344 -189.901
345 -189.825
346 -189.749
347 -189.673
348 -189.597
349 -189.521
350 -189.445
351 -189.368
352 -189.291
353 -189.214
354 -189.138
355 -189.062
356 -188.988
357 -188.915
358 -188.843
359 -188.775
360 -188.708
361 -188.645
362 -188.585
363 -188.529
364 -188.477
365 -188.428
366 -188.384
367 -188.344
368 -188.308
369 -188.277
370 -188.249
371 -188.226
372 -188.207
373 -188.192
374 -188.18
375 -188.173
376 -188.169
377 -188.168
378 -188.171
379 -188.177
380 -188.185
381 -188.196
382 -188.21
383 -188.226
384 -188.244
385 -188.264
386 -188.285
387 -188.308
388 -188.332
389 -188.357
390 -188.383
391 -188.409
392 -188.436
393 -188.463
394 -188.489
395 -188.515
396 -188.54
397 -188.564
398 -188.587
399 -188.608
400 -188.628
401 -188.646
402 -188.662
403 -188.676
404 -188.688
405 -188.698
406 -188.705
407 -188.71
408 -188.713
409 -188.714
410 -188.713
411 -188.71
412 -188.706
413 -188.7
414 -188.692
415 -188.684
416 -188.674
417 -188.663
418 -188.652
419 -188.64
420 -188.627
421 -188.613
422 -188.599
423 -188.585
424 -188.571
425 -188.556
426 -188.541
427 -188.526
428 -188.512
429 -188.497
430 -188.484
431 -188.471
432 -188.458
433 -188.447
434 -188.437
435 -188.429
436 -188.423
437 -188.418
438 -188.416
439 -188.416
440 -188.418
441 -188.422
442 -188.43
443 -188.439
444 -188.451
445 -188.466
446 -188.483
447 -188.501
448 -188.522
449 -188.544
450 -188.568
451 -188.592
452 -188.617
453 -188.643
454 -188.668
455 -188.693
456 -188.717
457 -188.74
458 -188.762
459 -188.783
460 -188.801
461 -188.818
462 -188.833
463 -188.845
464 -188.856
465 -188.865
466 -188.872
467 -188.878
468 -188.882
469 -188.886
470 -188.888
471 -188.891
472 -188.893
473 -188.895
474 -188.898
475 -188.902
476 -188.907
477 -188.914
478 -188.922
479 -188.932
480 -188.944
481 -188.958
482 -188.974
483 -188.993
484 -189.015
485 -189.039
486 -189.065
487 -189.094
488 -189.126
489 -189.16
490 -189.196
491 -189.235
492 -189.276
493 -189.32
494 -189.365
495 -189.413
496 -189.462
497 -189.513
498 -189.566
499 -189.621
500 -189.677
501 -189.735
502 -189.793
503 -189.853
504 -189.914
505 -189.976
506 -190.038
507 -190.102
508 -190.165
509 -190.229
510 -190.294
511 -190.359
512 -190.423
513 -190.489
514 -190.554
515 -190.619
516 -190.684
517 -190.75
518 -190.815
519 -190.881
520 -190.947
521 -191.013
522 -191.079
523 -191.145
524 -191.212
525 -191.278
526 -191.345
527 -191.412
528 -191.479
529 -191.547
530 -191.614
531 -191.68
532 -191.747
533 -191.813
534 -191.879
535 -191.944
536 -192.008
537 -192.071
538 -192.132
539 -192.193
540 -192.252
541 -192.31
542 -192.366
543 -192.42
544 -192.473
545 -192.523
546 -192.573
547 -192.62
548 -192.667
549 -192.711
550 -192.755
551 -192.797
552 -192.838
553 -192.879
554 -192.919
555 -192.958
556 -192.997
557 -193.035
558 -193.073
559 -193.112
560 -193.15
561 -193.189
562 -193.227
563 -193.266
564 -193.305
565 -193.344
566 -193.384
567 -193.424
568 -193.464
569 -193.505
570 -193.546
571 -193.587
572 -193.629
573 -193.671
574 -193.714
575 -193.758
576 -193.803
577 -193.849
578 -193.896
579 -193.944
580 -193.994
581 -194.046
582 -194.1
583 -194.155
584 -194.213
585 -194.273
586 -194.335
587 -194.4
588 -194.467
589 -194.537
590 -194.609
591 -194.683
592 -194.759
593 -194.838
594 -194.918
595 -195
596 -195.084
597 -195.168
598 -195.254
599 -195.34
600 -195.426
601 -195.512
602 -195.598
603 -195.682
604 -195.765
605 -195.846
606 -195.925
607 -196.001
608 -196.074
609 -196.145
610 -196.211
611 -196.274
612 -196.333
613 -196.388
614 -196.439
615 -196.486
616 -196.528
617 -196.567
618 -196.602
619 -196.633
620 -196.66
621 -196.685
622 -196.706
623 -196.725
624 -196.742
625 -196.758
626 -196.771
627 -196.784
628 -196.797
629 -196.809
630 -196.821
631 -196.833
632 -196.847
633 -196.861
634 -196.877
635 -196.895
636 -196.914
637 -196.935
638 -196.958
639 -196.983
640 -197.01
641 -197.04
642 -197.072
643 -197.105
644 -197.141
645 -197.178
646 -197.217
647 -197.258
648 -197.3
649 -197.343
650 -197.388
651 -197.433
652 -197.479
653 -197.525
654 -197.572
655 -197.619
656 -197.667
657 -197.714
658 -197.762
659 -197.809
660 -197.857
661 -197.904
662 -197.952
663 -197.999
664 -198.046
665 -198.094
666 -198.141
667 -198.189
668 -198.237
669 -198.285
670 -198.334
671 -198.383
672 -198.432
673 -198.482
674 -198.532
675 -198.582
676 -198.633
677 -198.685
678 -198.736
679 -198.789
680 -198.841
681 -198.894
682 -198.948
683 -199.001
684 -199.055
685 -199.109
686 -199.164
687 -199.219
688 -199.274
689 -199.329
690 -199.385
691 -199.442
692 -199.498
693 -199.556
694 -199.614
695 -199.673
696 -199.732
697 -199.792
698 -199.853
699 -199.915
700 -199.978
701 -200.042
702 -200.106
703 -200.172
704 -200.238
705 -200.305
706 -200.373
707 -200.442
708 -200.512
709 -200.582
710 -200.652
711 -200.723
712 -200.794
713 -200.866
714 -200.937
715 -201.009
716 -201.08
717 -201.151
718 -201.221
719 -201.291
720 -201.36
721 -201.428
722 -201.495
723 -201.561
724 -201.626
725 -201.69
726 -201.752
727 -201.813
728 -201.873
729 -201.931
730 -201.987
731 -202.042
732 -202.095
733 -202.147
734 -202.196
735 -202.244
736 -202.291
737 -202.336
738 -202.378
739 -202.419
740 -202.459
741 -202.496
742 -202.532
743 -202.567
744 -202.6
745 -202.631
746 -202.66
747 -202.687
748 -202.712
749 -202.735
750 -202.756
751 -202.776
752 -202.792
753 -202.806
754 -202.818
755 -202.827
756 -202.833
757 -202.837
758 -202.837
759 -202.835
760 -202.828
761 -202.819
762 -202.806
763 -202.79
764 -202.77
765 -202.747
766 -202.72
767 -202.69
768 -202.657
769 -202.622
770 -202.583
771 -202.542
772 -202.499
773 -202.454
774 -202.407
775 -202.359
776 -202.31
777 -202.26
778 -202.21
779 -202.16
780 -202.11
781 -202.06
782 -202.011
783 -201.964
784 -201.918
785 -201.873
786 -201.831
787 -201.79
788 -201.751
789 -201.714
790 -201.68
791 -201.648
792 -201.619
793 -201.591
794 -201.566
795 -201.544
796 -201.524
797 -201.506
798 -201.491
799 -201.478
800 -201.467
