0 0.378233
1 0.112875
2 -0.184473
3 -0.505474
4 -0.838826
5 -1.1703
6 -1.48309
7 -1.75841
8 -1.97664
9 -2.11866
10 -2.16761
11 -2.11082
12 -1.94169
13 -1.66131
14 -1.27939
15 -0.814275
16 -0.291814
17 0.256852
18 0.798316
19 1.30025
20 1.73459
21 2.08001
22 2.32346
23 2.46053
24 2.49473
25 2.43596
26 2.29858
27 2.09937
28 1.85573
29 1.58417
30 1.29927
31 1.01298
32 0.734291
33 0.46921
34 0.220929
35 -0.00982489
36 -0.224327
37 -0.425317
38 -0.616428
39 -0.801611
40 -0.984604
41 -1.16846
42 -1.35516
43 -1.54531
44 -1.73798
45 -1.93058
46 -2.11891
47 -2.29723
48 -2.45849
49 -2.59455
50 -2.69644
51 -2.75479
52 -2.76017
53 -2.70365
54 -2.57748
55 -2.37586
56 -2.0957
57 -1.73744
58 -1.30555
59 -0.808918
60 -0.260777
61 0.321774
62 0.918708
63 1.50839
64 2.06907
65 2.58039
66 3.0246
67 3.3875
68 3.65908
69 3.8338
70 3.91055
71 3.89243
72 3.78619
73 3.60171
74 3.35129
75 3.04902
76 2.71015
77 2.35034
78 1.98508
79 1.62901
80 1.29532
81 0.995215
82 0.73749
83 0.528116
84 0.370003
85 0.262882
86 0.203344
87 0.185031
88 0.198992
89 0.234181
90 0.278088
91 0.317461
92 0.33906
93 0.33041
94 0.280488
95 0.180325
96 0.0234782
97 -0.193663
98 -0.471737
99 -0.808438
100 -1.19867
101 -1.63481
102 -2.10699
103 -2.60352
104 -3.11119
105 -3.61567
106 -4.1019
107 -4.55442
108 -4.95784
109 -5.29726
110 -5.55891
111 -5.73073
112 -5.80304
113 -5.76916
114 -5.62611
115 -5.37508
116 -5.02185
117 -4.57677
118 -4.05448
119 -3.47313
120 -2.85349
121 -2.21772
122 -1.5881
123 -0.985603
124 -0.428581
125 0.0683946
126 0.495287
127 0.84691
128 1.12284
129 1.327
130 1.46697
131 1.55312
132 1.59764
133 1.61343
134 1.61324
135 1.60885
136 1.61049
137 1.62657
138 1.66345
139 1.72541
140 1.81475
141 1.93193
142 2.07584
143 2.24414
144 2.43362
145 2.64058
146 2.86109
147 3.09121
148 3.32717
149 3.56549
150 3.80303
151 4.03704
152 4.26507
153 4.48477
154 4.69373
155 4.88931
156 5.06857
157 5.22825
158 5.36477
159 5.47425
160 5.55259
161 5.59559
162 5.59919
163 5.55966
164 5.47392
165 5.33972
166 5.15577
167 4.92192
168 4.6392
169 4.30995
170 3.93781
171 3.52771
172 3.08576
173 2.61908
174 2.13561
175 1.64395
176 1.15317
177 0.672533
178 0.211261
179 -0.221731
180 -0.618117
181 -0.970413
182 -1.27223
183 -1.51851
184 -1.70574
185 -1.83212
186 -1.89765
187 -1.90416
188 -1.8553
189 -1.75645
190 -1.61455
191 -1.43786
192 -1.23565
193 -1.01787
194 -0.794738
195 -0.57642
196 -0.372654
197 -0.192394
198 -0.0434719
199 0.0676834
200 0.136244
201 0.159085
202 0.134796
203 0.0636366
204 -0.052592
205 -0.210735
206 -0.406543
207 -0.634981
208 -0.890545
209 -1.16758
210 -1.46057
211 -1.7644
212 -2.07457
213 -2.38737
214 -2.69999
215 -3.01057
216 -3.31822
217 -3.62297
218 -3.92571
219 -4.22808
220 -4.53226
221 -4.84086
222 -5.15665
223 -5.48239
224 -5.82069
225 -6.17377
226 -6.54337
227 -6.93051
228 -7.33538
229 -7.75721
230 -8.19428
231 -8.64385
232 -9.10227
233 -9.5649
234 -10.0262
235 -10.4795
236 -10.9174
237 -11.3314
238 -11.7126
239 -12.051
240 -12.3364
241 -12.5575
242 -12.7026
243 -12.7594
244 -12.716
245 -12.5611
246 -12.2844
247 -11.8778
248 -11.3354
249 -10.655
250 -9.83892
251 -8.89528
252 -7.83799
253 -6.6866
254 -5.46555
255 -4.20327
256 -2.93122
257 -1.68244
258 -0.489829
259 0.615997
260 1.60843
261 2.46597
262 3.17272
263 3.71848
264 4.09888
265 4.31526
266 4.37443
267 4.28792
268 4.07107
269 3.74212
270 3.32158
271 2.83173
272 2.2963
273 1.73991
274 1.18758
275 0.664046
276 0.193004
277 -0.203571
278 -0.506153
279 -0.6983
280 -0.767241
281 -0.704435
282 -0.506079
283 -0.173427
284 0.287254
285 0.865161
286 1.54571
287 2.3113
288 3.14198
289 4.01596
290 4.91032
291 5.80195
292 6.66861
293 7.48989
294 8.24777
295 8.92712
296 9.51599
297 10.0061
298 10.3934
299 10.6778
300 10.8636
301 10.9579
302 10.9707
303 10.9135
304 10.7988
305 10.6399
306 10.4496
307 10.2405
308 10.0233
309 9.80763
310 9.60109
311 9.40966
312 9.23773
313 9.08815
314 8.96234
315 8.86033
316 8.78092
317 8.72188
318 8.68025
319 8.65253
320 8.63487
321 8.62319
322 8.61327
323 8.60092
324 8.58209
325 8.55315
326 8.51088
327 8.45263
328 8.37623
329 8.28
330 8.16278
331 8.02397
332 7.86351
333 7.68186
334 7.47989
335 7.25879
336 7.01999
337 6.76517
338 6.49621
339 6.21516
340 5.92419
341 5.62551
342 5.3213
343 5.01372
344 4.70486
345 4.3968
346 4.09153
347 3.79096
348 3.49687
349 3.21092
350 2.93461
351 2.66932
352 2.41629
353 2.17664
354 1.95133
355 1.74118
356 1.54685
357 1.36887
358 1.20759
359 1.06322
360 0.93588
361 0.825564
362 0.732203
363 0.65565
364 0.595695
365 0.552067
366 0.524457
367 0.512553
368 0.51606
369 0.534701
370 0.568178
371 0.616136
372 0.678154
373 0.75374
374 0.842336
375 0.943317
376 1.05595
377 1.17937
378 1.31249
379 1.45408
380 1.60269
381 1.75678
382 1.91466
383 2.07449
384 2.23429
385 2.39193
386 2.54517
387 2.69175
388 2.82942
389 2.956
390 3.06936
391 3.16748
392 3.2485
393 3.31075
394 3.35287
395 3.37382
396 3.37288
397 3.34971
398 3.30431
399 3.23706
400 3.1488
401 3.04072
402 2.91447
403 2.77204
404 2.61574
405 2.44819
406 2.27224
407 2.09095
408 1.90747
409 1.72505
410 1.54691
411 1.37618
412 1.21582
413 1.06853
414 0.936731
415 0.822485
416 0.727482
417 0.652998
418 0.599857
419 0.568406
420 0.558499
421 0.569524
422 0.600427
423 0.649752
424 0.715669
425 0.795993
426 0.888235
427 0.989661
428 1.09738
429 1.20842
430 1.31979
431 1.42855
432 1.53184
433 1.62695
434 1.71141
435 1.78303
436 1.83996
437 1.88069
438 1.90406
439 1.90925
440 1.89581
441 1.86365
442 1.81303
443 1.74456
444 1.65911
445 1.55779
446 1.4419
447 1.31286
448 1.17223
449 1.02162
450 0.862686
451 0.697105
452 0.526492
453 0.352382
454 0.176194
455 -0.000781447
456 -0.177379
457 -0.35255
458 -0.525356
459 -0.694991
460 -0.860799
461 -1.02229
462 -1.17912
463 -1.33108
464 -1.47803
465 -1.61987
466 -1.7566
467 -1.88826
468 -2.01497
469 -2.13692
470 -2.25429
471 -2.36724
472 -2.47589
473 -2.58033
474 -2.68068
475 -2.77706
476 -2.86958
477 -2.95833
478 -3.04332
479 -3.1245
480 -3.20178
481 -3.27508
482 -3.34431
483 -3.40935
484 -3.47002
485 -3.52604
486 -3.57709
487 -3.62286
488 -3.66307
489 -3.69747
490 -3.72586
491 -3.748
492 -3.76361
493 -3.77247
494 -3.7744
495 -3.76933
496 -3.75727
497 -3.73827
498 -3.71237
499 -3.6796
500 -3.64008
501 -3.59402
502 -3.54177
503 -3.48377
504 -3.42051
505 -3.35247
506 -3.28013
507 -3.20402
508 -3.12475
509 -3.043
510 -2.95947
511 -2.87482
512 -2.78964
513 -2.70444
514 -2.61978
515 -2.53626
516 -2.45456
517 -2.3754
518 -2.29946
519 -2.22741
520 -2.15994
521 -2.09777
522 -2.04173
523 -1.99274
524 -1.95175
525 -1.91969
526 -1.8975
527 -1.88607
528 -1.88636
529 -1.89934
530 -1.92603
531 -1.96739
532 -2.02431
533 -2.09752
534 -2.18759
535 -2.29492
536 -2.41972
537 -2.56203
538 -2.72159
539 -2.89787
540 -3.08998
541 -3.29672
542 -3.51662
543 -3.74796
544 -3.9888
545 -4.23698
546 -4.49004
547 -4.74532
548 -4.99999
549 -5.25116
550 -5.49596
551 -5.73149
552 -5.95487
553 -6.16318
554 -6.35363
555 -6.52362
556 -6.67091
557 -6.79367
558 -6.89037
559 -6.95981
560 -7.00101
561 -7.01335
562 -6.99665
563 -6.95122
564 -6.87782
565 -6.77752
566 -6.65163
567 -6.50168
568 -6.32945
569 -6.13705
570 -5.92691
571 -5.70171
572 -5.46422
573 -5.21728
574 -4.96372
575 -4.7065
576 -4.44864
577 -4.19317
578 -3.94306
579 -3.70105
580 -3.46966
581 -3.25119
582 -3.04779
583 -2.86141
584 -2.69379
585 -2.54633
586 -2.42001
587 -2.31539
588 -2.23266
589 -2.17172
590 -2.13222
591 -2.11353
592 -2.11472
593 -2.13455
594 -2.17145
595 -2.22364
596 -2.28927
597 -2.3665
598 -2.45353
599 -2.54858
600 -2.64985
601 -2.7555
602 -2.86378
603 -2.97306
604 -3.08197
605 -3.1894
606 -3.29441
607 -3.39618
608 -3.49394
609 -3.58706
610 -3.67508
611 -3.75779
612 -3.83521
613 -3.90745
614 -3.97466
615 -4.03699
616 -4.09459
617 -4.14771
618 -4.1967
619 -4.24204
620 -4.28422
621 -4.3237
622 -4.36089
623 -4.39621
624 -4.43012
625 -4.46314
626 -4.49581
627 -4.52861
628 -4.56191
629 -4.59602
630 -4.63127
631 -4.66806
632 -4.70688
633 -4.74822
634 -4.79252
635 -4.84009
636 -4.89115
637 -4.94591
638 -5.00466
639 -5.06767
640 -5.13517
641 -5.20718
642 -5.28354
643 -5.36388
644 -5.44781
645 -5.53494
646 -5.62491
647 -5.71731
648 -5.81162
649 -5.90716
650 -6.00318
651 -6.09898
652 -6.19393
653 -6.28747
654 -6.37894
655 -6.46757
656 -6.55248
657 -6.6328
658 -6.70789
659 -6.77732
660 -6.84089
661 -6.89842
662 -6.94967
663 -6.99435
664 -7.03226
665 -7.06337
666 -7.08793
667 -7.10628
668 -7.11873
669 -7.1254
670 -7.12621
671 -7.12103
672 -7.10979
673 -7.09258
674 -7.06957
675 -7.0409
676 -7.00659
677 -6.96654
678 -6.9206
679 -6.86862
680 -6.81042
681 -6.74576
682 -6.67417
683 -6.59499
684 -6.50744
685 -6.41077
686 -6.30433
687 -6.18753
688 -6.05978
689 -5.92036
690 -5.76847
691 -5.60334
692 -5.42436
693 -5.23113
694 -5.02336
695 -4.80077
696 -4.56295
697 -4.30941
698 -4.03974
699 -3.75376
700 -3.45159
701 -3.13364
702 -2.80045
703 -2.45266
704 -2.09098
705 -1.71628
706 -1.32972
707 -0.932722
708 -0.526938
709 -0.114094
710 0.304098
711 0.725956
712 1.14975
713 1.57359
714 1.99536
715 2.41271
716 2.8232
717 3.22443
718 3.61411
719 3.9901
720 4.35032
721 4.69269
722 5.01517
723 5.31585
724 5.59309
725 5.84562
726 6.07251
727 6.27307
728 6.44676
729 6.59313
730 6.71195
731 6.8033
732 6.86761
733 6.90561
734 6.91816
735 6.9062
736 6.87084
737 6.81345
738 6.73575
739 6.63977
740 6.52756
741 6.40104
742 6.26186
743 6.11157
744 5.95182
745 5.78453
746 5.61179
747 5.43568
748 5.25806
749 5.08047
750 4.90426
751 4.73079
752 4.56154
753 4.39801
754 4.24163
755 4.09357
756 3.95472
757 3.82584
758 3.70767
759 3.60096
760 3.50635
761 3.42426
762 3.35485
763 3.29803
764 3.25371
765 3.22184
766 3.20242
767 3.19539
768 3.20044
769 3.21697
770 3.24417
771 3.28119
772 3.32728
773 3.38179
774 3.44409
775 3.51344
776 3.58898
777 3.66974
778 3.75481
779 3.84337
780 3.93472
781 4.0282
782 4.1231
783 4.21861
784 4.31395
785 4.40839
786 4.50131
787 4.59226
788 4.6808
789 4.7665
790 4.84894
791 4.92775
792 5.00264
793 5.07346
794 5.14007
795 5.20229
796 5.25983
797 5.31231
798 5.35944
799 5.40106
800 5.43726
