0 -0.708475
1 -0.602361
2 -0.480192
3 -0.347233
4 -0.2082
5 -0.0672103
6 0.0722112
7 0.207076
8 0.334865
9 0.453457
10 0.561057
11 0.656131
12 0.737356
13 0.803574
14 0.853765
15 0.887045
16 0.902681
17 0.90013
18 0.879101
19 0.839626
20 0.782127
21 0.707472
22 0.616993
23 0.512467
24 0.396052
25 0.270194
26 0.1375
27 0.000605082
28 -0.137955
29 -0.275829
30 -0.41089
31 -0.541206
32 -0.664987
33 -0.780511
34 -0.886076
35 -0.979978
36 -1.06052
37 -1.12606
38 -1.17504
39 -1.20612
40 -1.21822
41 -1.21064
42 -1.18313
43 -1.13589
44 -1.06958
45 -0.985294
46 -0.884511
47 -0.769053
48 -0.641024
49 -0.502755
50 -0.356739
51 -0.205566
52 -0.0518785
53 0.101681
54 0.252503
55 0.398055
56 0.535924
57 0.66387
58 0.779882
59 0.882245
60 0.969609
61 1.04107
62 1.09622
63 1.13527
64 1.15902
65 1.16895
66 1.16715
67 1.15629
68 1.13946
69 1.12002
70 1.10137
71 1.08669
72 1.07871
73 1.07949
74 1.09018
75 1.11089
76 1.14057
77 1.17691
78 1.21636
79 1.25418
80 1.28452
81 1.30066
82 1.29525
83 1.26078
84 1.19009
85 1.0771
86 0.917713
87 0.710616
88 0.458071
89 0.166274
90 -0.154778
91 -0.49203
92 -0.830635
93 -1.15555
94 -1.45315
95 -1.71263
96 -1.92674
97 -2.09205
98 -2.20857
99 -2.27903
100 -2.30807
101 -2.30147
102 -2.26547
103 -2.20625
104 -2.1296
105 -2.04064
106 -1.94374
107 -1.84247
108 -1.73967
109 -1.63749
110 -1.53745
111 -1.44059
112 -1.34744
113 -1.25821
114 -1.17281
115 -1.091
116 -1.01238
117 -0.936577
118 -0.863189
119 -0.791892
120 -0.722462
121 -0.6548
122 -0.588963
123 -0.525165
124 -0.463767
125 -0.405257
126 -0.350208
127 -0.299245
128 -0.252993
129 -0.212033
130 -0.176843
131 -0.147744
132 -0.124847
133 -0.107997
134 -0.0967467
135 -0.0903394
136 -0.0877122
137 -0.0875221
138 -0.0881856
139 -0.087934
140 -0.0848822
141 -0.0771108
142 -0.0627553
143 -0.0400949
144 -0.00762985
145 0.035858
146 0.0912638
147 0.159134
148 0.239653
149 0.332645
150 0.437592
151 0.553657
152 0.679731
153 0.814468
154 0.956332
155 1.10364
156 1.25458
157 1.40731
158 1.55993
159 1.71057
160 1.85739
161 1.99867
162 2.13278
163 2.25829
164 2.37397
165 2.47885
166 2.57224
167 2.65375
168 2.72334
169 2.7813
170 2.82828
171 2.86527
172 2.89353
173 2.9145
174 2.92975
175 2.94085
176 2.94931
177 2.95645
178 2.9633
179 2.97048
180 2.97808
181 2.98567
182 2.99229
183 2.99647
184 2.99632
185 2.98959
186 2.97376
187 2.94617
188 2.90421
189 2.84556
190 2.76838
191 2.67143
192 2.55417
193 2.41679
194 2.26023
195 2.08621
196 1.89712
197 1.69587
198 1.48557
199 1.2692
200 1.04942
201 0.828433
202 0.607952
203 0.38915
204 0.172644
205 -0.0414695
206 -0.253471
207 -0.463758
208 -0.672577
209 -0.879845
210 -1.08511
211 -1.28758
212 -1.48622
213 -1.67976
214 -1.86673
215 -2.04561
216 -2.21497
217 -2.37376
218 -2.52137
219 -2.65774
220 -2.78326
221 -2.89864
222 -3.00487
223 -3.10318
224 -3.19489
225 -3.28132
226 -3.3636
227 -3.4425
228 -3.51834
229 -3.591
230 -3.65994
231 -3.72431
232 -3.78292
233 -3.83436
234 -3.877
235 -3.90922
236 -3.92947
237 -3.93645
238 -3.92918
239 -3.90699
240 -3.86956
241 -3.81693
242 -3.74948
243 -3.66797
244 -3.57348
245 -3.46736
246 -3.35113
247 -3.22648
248 -3.09514
249 -2.95892
250 -2.81964
251 -2.67911
252 -2.53906
253 -2.40108
254 -2.26665
255 -2.13708
256 -2.01351
257 -1.8969
258 -1.78802
259 -1.68743
260 -1.59547
261 -1.51227
262 -1.43776
263 -1.3717
264 -1.31367
265 -1.26311
266 -1.21933
267 -1.18155
268 -1.14893
269 -1.12058
270 -1.09562
271 -1.07319
272 -1.05249
273 -1.0328
274 -1.01346
275 -0.993932
276 -0.973761
277 -0.95261
278 -0.930243
279 -0.906513
280 -0.881355
281 -0.854767
282 -0.826799
283 -0.797543
284 -0.767123
285 -0.73568
286 -0.703364
287 -0.670325
288 -0.636711
289 -0.602669
290 -0.568349
291 -0.533905
292 -0.499499
293 -0.465306
294 -0.431515
295 -0.398335
296 -0.366
297 -0.334772
298 -0.304932
299 -0.276782
300 -0.250633
301 -0.226799
302 -0.20559
303 -0.187293
304 -0.172167
305 -0.160421
306 -0.152207
307 -0.147606
308 -0.146619
309 -0.14916
310 -0.155055
311 -0.164039
312 -0.175766
313 -0.189816
314 -0.205707
315 -0.222916
316 -0.240893
317 -0.259085
318 -0.276959
319 -0.294021
320 -0.309838
321 -0.324047
322 -0.336376
323 -0.34664
324 -0.354753
325 -0.360726
326 -0.364657
327 -0.366722
328 -0.367157
329 -0.366241
330 -0.36428
331 -0.361585
332 -0.358457
333 -0.355163
334 -0.351924
335 -0.348894
336 -0.346153
337 -0.343704
338 -0.341472
339 -0.3393
340 -0.336962
341 -0.334163
342 -0.330555
343 -0.325759
344 -0.319379
345 -0.311022
346 -0.300315
347 -0.286918
348 -0.270538
349 -0.250942
350 -0.227975
351 -0.201561
352 -0.171711
353 -0.138517
354 -0.102146
355 -0.0628331
356 -0.0208786
357 0.0233588
358 0.06947
359 0.117011
360 0.16552
361 0.214533
362 0.263589
363 0.312241
364 0.360059
365 0.406641
366 0.451622
367 0.494683
368 0.535561
369 0.574042
370 0.609962
371 0.643202
372 0.673687
373 0.701395
374 0.726354
375 0.748635
376 0.768349
377 0.78564
378 0.80068
379 0.813674
380 0.824856
381 0.83449
382 0.842864
383 0.850287
384 0.857084
385 0.863588
386 0.870143
387 0.877104
388 0.88483
389 0.893679
390 0.90399
391 0.916087
392 0.930264
393 0.94679
394 0.9659
395 0.987785
396 1.01259
397 1.04039
398 1.07123
399 1.10506
400 1.14177
401 1.18122
402 1.22318
403 1.2674
404 1.31353
405 1.36122
406 1.41006
407 1.45962
408 1.50948
409 1.55921
410 1.6084
411 1.65663
412 1.70355
413 1.74882
414 1.79216
415 1.83339
416 1.87236
417 1.90898
418 1.94323
419 1.97513
420 2.0048
421 2.03239
422 2.05812
423 2.08223
424 2.10498
425 2.12662
426 2.14741
427 2.1676
428 2.18743
429 2.20711
430 2.22679
431 2.24656
432 2.26644
433 2.28642
434 2.30645
435 2.32641
436 2.34618
437 2.36555
438 2.38429
439 2.40213
440 2.41883
441 2.43415
442 2.44789
443 2.45984
444 2.46982
445 2.47768
446 2.48329
447 2.48661
448 2.48766
449 2.48649
450 2.4832
451 2.47789
452 2.47069
453 2.46176
454 2.45132
455 2.43957
456 2.42674
457 2.41303
458 2.3986
459 2.38358
460 2.36813
461 2.35236
462 2.33637
463 2.32024
464 2.30397
465 2.28752
466 2.27083
467 2.25383
468 2.23646
469 2.21862
470 2.20021
471 2.18106
472 2.16103
473 2.13996
474 2.11773
475 2.09425
476 2.06942
477 2.04315
478 2.01532
479 1.98586
480 1.95476
481 1.92204
482 1.88779
483 1.85213
484 1.8152
485 1.7772
486 1.73836
487 1.69901
488 1.65954
489 1.6204
490 1.58204
491 1.54495
492 1.50959
493 1.47647
494 1.44609
495 1.41895
496 1.39553
497 1.37625
498 1.36147
499 1.35146
500 1.34643
501 1.34651
502 1.35173
503 1.36206
504 1.37734
505 1.39734
506 1.42168
507 1.44993
508 1.48157
509 1.51602
510 1.55269
511 1.59094
512 1.63011
513 1.66949
514 1.70839
515 1.74614
516 1.78212
517 1.81577
518 1.84659
519 1.87413
520 1.89797
521 1.91775
522 1.93322
523 1.94424
524 1.95076
525 1.95283
526 1.95054
527 1.94402
528 1.93345
529 1.91911
530 1.90133
531 1.88049
532 1.85702
533 1.83128
534 1.80363
535 1.77441
536 1.74394
537 1.71258
538 1.68065
539 1.64847
540 1.61627
541 1.58418
542 1.55231
543 1.52073
544 1.48952
545 1.45876
546 1.42849
547 1.39867
548 1.36917
549 1.33984
550 1.31053
551 1.28112
552 1.25156
553 1.22174
554 1.19153
555 1.16072
556 1.12906
557 1.09638
558 1.06258
559 1.0276
560 0.991411
561 0.953913
562 0.914946
563 0.874347
564 0.832019
565 0.787976
566 0.742306
567 0.695103
568 0.646399
569 0.596158
570 0.54434
571 0.490976
572 0.436209
573 0.380255
574 0.323319
575 0.265528
576 0.206923
577 0.147519
578 0.0873891
579 0.0266996
580 -0.0343296
581 -0.0955087
582 -0.156749
583 -0.218064
584 -0.279506
585 -0.341083
586 -0.402721
587 -0.464303
588 -0.525741
589 -0.587042
590 -0.648302
591 -0.709633
592 -0.771083
593 -0.832608
594 -0.894097
595 -0.955457
596 -1.01666
597 -1.07774
598 -1.13873
599 -1.19956
600 -1.26007
601 -1.32003
602 -1.37919
603 -1.4374
604 -1.49452
605 -1.55046
606 -1.60504
607 -1.658
608 -1.70902
609 -1.75783
610 -1.80421
611 -1.84807
612 -1.88934
613 -1.92793
614 -1.96369
615 -1.99647
616 -2.02615
617 -2.05274
618 -2.07632
619 -2.09704
620 -2.11502
621 -2.13036
622 -2.14312
623 -2.15341
624 -2.16143
625 -2.16744
626 -2.17172
627 -2.17453
628 -2.17603
629 -2.17639
630 -2.17577
631 -2.17437
632 -2.17243
633 -2.1702
634 -2.16782
635 -2.1654
636 -2.16298
637 -2.16061
638 -2.15836
639 -2.15631
640 -2.15451
641 -2.15296
642 -2.15159
643 -2.1503
644 -2.14899
645 -2.14758
646 -2.14603
647 -2.14425
648 -2.14214
649 -2.13952
650 -2.13622
651 -2.13212
652 -2.12709
653 -2.12107
654 -2.11398
655 -2.1057
656 -2.09612
657 -2.08514
658 -2.07267
659 -2.05872
660 -2.0433
661 -2.02643
662 -2.00812
663 -1.98837
664 -1.96722
665 -1.94472
666 -1.92099
667 -1.89616
668 -1.87033
669 -1.84362
670 -1.81612
671 -1.78794
672 -1.75921
673 -1.73011
674 -1.70079
675 -1.67137
676 -1.64195
677 -1.6126
678 -1.58341
679 -1.5545
680 -1.52595
681 -1.49787
682 -1.4703
683 -1.44325
684 -1.41672
685 -1.39072
686 -1.36527
687 -1.34037
688 -1.31605
689 -1.29228
690 -1.26901
691 -1.24621
692 -1.22384
693 -1.20188
694 -1.18029
695 -1.15905
696 -1.13812
697 -1.11744
698 -1.097
699 -1.07675
700 -1.05669
701 -1.03678
702 -1.017
703 -0.997294
704 -0.977621
705 -0.957952
706 -0.93827
707 -0.918552
708 -0.898758
709 -0.878828
710 -0.858694
711 -0.838293
712 -0.817577
713 -0.796509
714 -0.775046
715 -0.753128
716 -0.730677
717 -0.707616
718 -0.683882
719 -0.659432
720 -0.634239
721 -0.608273
722 -0.581491
723 -0.553845
724 -0.5253
725 -0.495847
726 -0.46551
727 -0.43433
728 -0.402345
729 -0.369587
730 -0.336086
731 -0.301888
732 -0.267074
733 -0.231752
734 -0.19604
735 -0.160049
736 -0.123881
737 -0.0876379
738 -0.051443
739 -0.0154432
740 0.0202031
741 0.0553482
742 0.0898693
743 0.123662
744 0.156619
745 0.188615
746 0.219504
747 0.249151
748 0.27745
749 0.304342
750 0.329789
751 0.353756
752 0.376183
753 0.396999
754 0.416146
755 0.433609
756 0.449422
757 0.46364
758 0.476318
759 0.487484
760 0.497155
761 0.505358
762 0.512147
763 0.517604
764 0.521813
765 0.524839
766 0.526722
767 0.527492
768 0.52719
769 0.525873
770 0.5236
771 0.520413
772 0.516318
773 0.511295
774 0.505323
775 0.498397
776 0.49053
777 0.481732
778 0.471984
779 0.461233
780 0.449407
781 0.436444
782 0.422314
783 0.407018
784 0.390565
785 0.372955
786 0.354173
787 0.334205
788 0.313052
789 0.290743
790 0.26732
791 0.242826
792 0.217302
793 0.190787
794 0.163344
795 0.135063
796 0.106053
797 0.0764239
798 0.0462735
799 0.0156857
800 -0.0152516
