0 0.172501
1 0.292337
2 0.39674
3 0.479638
4 0.53652
5 0.564744
6 0.563685
7 0.534703
8 0.480905
9 0.406731
10 0.317408
11 0.218357
12 0.11465
13 0.01061
14 -0.0903948
15 -0.185971
16 -0.274567
17 -0.355232
18 -0.42734
19 -0.490293
20 -0.543255
21 -0.584954
22 -0.613581
23 -0.626836
24 -0.622123
25 -0.596908
26 -0.54918
27 -0.477954
28 -0.383724
29 -0.268741
30 -0.137056
31 0.00572391
32 0.152914
33 0.297383
34 0.432201
35 0.551213
36 0.649449
37 0.723375
38 0.770966
39 0.791651
40 0.786156
41 0.756298
42 0.704741
43 0.634744
44 0.549894
45 0.453856
46 0.350141
47 0.241947
48 0.132064
49 0.0228588
50 -0.0836802
51 -0.185861
52 -0.282185
53 -0.371239
54 -0.451601
55 -0.521779
56 -0.580213
57 -0.625353
58 -0.655826
59 -0.670654
60 -0.669497
61 -0.652865
62 -0.622237
63 -0.580064
64 -0.529597
65 -0.474573
66 -0.418765
67 -0.365476
68 -0.31707
69 -0.274601
70 -0.237652
71 -0.204385
72 -0.17183
73 -0.136355
74 -0.0942296
75 -0.0421996
76 0.0220238
77 0.0994317
78 0.189569
79 0.290568
80 0.399336
81 0.511835
82 0.623419
83 0.729169
84 0.824221
85 0.904045
86 0.964693
87 1.00301
88 1.01678
89 1.00492
90 0.967516
91 0.905938
92 0.822765
93 0.721688
94 0.607297
95 0.48479
96 0.359638
97 0.237213
98 0.12243
99 0.0194315
100 -0.0686373
101 -0.139754
102 -0.193039
103 -0.228692
104 -0.24789
105 -0.252665
106 -0.245785
107 -0.230641
108 -0.211149
109 -0.191651
110 -0.176804
111 -0.171423
112 -0.180257
113 -0.207671
114 -0.257214
115 -0.331088
116 -0.429598
117 -0.55067
118 -0.689597
119 -0.839123
120 -0.989943
121 -1.13157
122 -1.25346
123 -1.3462
124 -1.40259
125 -1.41832
126 -1.39231
127 -1.32651
128 -1.22541
129 -1.09538
130 -0.943847
131 -0.77869
132 -0.607594
133 -0.437609
134 -0.274825
135 -0.124161
136 0.0107549
137 0.12762
138 0.225438
139 0.304436
140 0.365906
141 0.41199
142 0.445408
143 0.469152
144 0.486177
145 0.499121
146 0.510074
147 0.520441
148 0.530894
149 0.541426
150 0.551475
151 0.560116
152 0.566265
153 0.568891
154 0.567209
155 0.560829
156 0.549872
157 0.535009
158 0.517465
159 0.498942
160 0.481511
161 0.46746
162 0.459147
163 0.458835
164 0.468561
165 0.490011
166 0.524421
167 0.572514
168 0.634453
169 0.709827
170 0.79765
171 0.896363
172 1.00384
173 1.11739
174 1.23371
175 1.34891
176 1.45847
177 1.55725
178 1.63959
179 1.69945
180 1.73064
181 1.72714
182 1.68356
183 1.59568
184 1.46099
185 1.27933
186 1.05338
187 0.788896
188 0.494738
189 0.182501
190 -0.134177
191 -0.440607
192 -0.722269
193 -0.96609
194 -1.16158
195 -1.3017
196 -1.38326
197 -1.40702
198 -1.37741
199 -1.30203
200 -1.19099
201 -1.05622
202 -0.910734
203 -0.767921
204 -0.640845
205 -0.541509
206 -0.480056
207 -0.463881
208 -0.496751
209 -0.57808
210 -0.702573
211 -0.860495
212 -1.03871
213 -1.22238
214 -1.39708
215 -1.5506
216 -1.67438
217 -1.76392
218 -1.81862
219 -1.84097
220 -1.83558
221 -1.80814
222 -1.76453
223 -1.71028
224 -1.65015
225 -1.58802
226 -1.52689
227 -1.46892
228 -1.41552
229 -1.36745
230 -1.32489
231 -1.28753
232 -1.25465
233 -1.22513
234 -1.19758
235 -1.17037
236 -1.14167
237 -1.10959
238 -1.07224
239 -1.02789
240 -0.97509
241 -0.912781
242 -0.840411
243 -0.757993
244 -0.666142
245 -0.566057
246 -0.459465
247 -0.348519
248 -0.235669
249 -0.123504
250 -0.0145819
251 0.088732
252 0.184424
253 0.270958
254 0.347359
255 0.413239
256 0.468761
257 0.514557
258 0.551591
259 0.581
260 0.603923
261 0.621336
262 0.633918
263 0.641974
264 0.645416
265 0.643814
266 0.636504
267 0.622729
268 0.601797
269 0.573249
270 0.536989
271 0.4934
272 0.443396
273 0.388435
274 0.33046
275 0.271812
276 0.215104
277 0.163084
278 0.11849
279 0.0839146
280 0.061672
281 0.0536931
282 0.0614439
283 0.0858757
284 0.127406
285 0.18592
286 0.2608
287 0.350954
288 0.454862
289 0.570616
290 0.695956
291 0.828309
292 0.964821
293 1.1024
294 1.23778
295 1.36759
296 1.4884
297 1.59688
298 1.6899
299 1.76466
300 1.81889
301 1.85102
302 1.8604
303 1.84739
304 1.8135
305 1.76143
306 1.69498
307 1.61895
308 1.53878
309 1.46026
310 1.38906
311 1.33032
312 1.28832
313 1.26609
314 1.26533
315 1.28621
316 1.32747
317 1.38657
318 1.45986
319 1.54291
320 1.63086
321 1.71868
322 1.80152
323 1.87494
324 1.93515
325 1.97915
326 2.00489
327 2.01135
328 1.99856
329 1.96754
330 1.92019
331 1.85907
332 1.78724
333 1.70798
334 1.62462
335 1.54031
336 1.45791
337 1.37986
338 1.30817
339 1.24438
340 1.18966
341 1.14489
342 1.11067
343 1.08744
344 1.07555
345 1.07531
346 1.087
347 1.11093
348 1.14746
349 1.19702
350 1.26011
351 1.33734
352 1.42941
353 1.53715
354 1.66149
355 1.8034
356 1.96392
357 2.14408
358 2.34482
359 2.56693
360 2.81088
361 3.07664
362 3.36347
363 3.66959
364 3.99175
365 4.32471
366 4.66055
367 4.98775
368 5.28993
369 5.5443
370 5.71976
371 5.77505
372 5.65809
373 5.30836
374 4.66525
375 3.68491
376 2.36452
377 0.765237
378 -0.982318
379 -2.70347
380 -4.23027
381 -5.45045
382 -6.32747
383 -6.88769
384 -7.19155
385 -7.30727
386 -7.29522
387 -7.2019
388 -7.05986
389 -6.88991
390 -6.704
391 -6.5078
392 -6.30296
393 -6.08885
394 -5.86381
395 -5.62604
396 -5.37415
397 -5.10752
398 -4.82653
399 -4.53264
400 -4.22844
401 -3.91758
402 -3.6046
403 -3.29474
404 -2.99374
405 -2.70762
406 -2.44246
407 -2.20415
408 -1.99817
409 -1.82925
410 -1.70114
411 -1.6163
412 -1.57567
413 -1.57847
414 -1.62214
415 -1.70231
416 -1.81296
417 -1.94669
418 -2.09512
419 -2.24934
420 -2.40044
421 -2.54004
422 -2.66076
423 -2.75653
424 -2.82278
425 -2.85658
426 -2.85657
427 -2.82293
428 -2.75723
429 -2.66223
430 -2.54169
431 -2.40009
432 -2.24246
433 -2.07417
434 -1.90079
435 -1.72788
436 -1.56089
437 -1.40507
438 -1.26529
439 -1.14598
440 -1.05089
441 -0.982936
442 -0.944015
443 -0.93487
444 -0.955038
445 -1.00288
446 -1.07566
447 -1.16977
448 -1.28087
449 -1.40416
450 -1.53468
451 -1.66755
452 -1.79821
453 -1.92263
454 -2.03743
455 -2.13987
456 -2.22788
457 -2.29996
458 -2.35514
459 -2.39292
460 -2.41326
461 -2.41653
462 -2.40343
463 -2.37497
464 -2.33236
465 -2.27703
466 -2.21061
467 -2.13485
468 -2.05162
469 -1.96286
470 -1.8705
471 -1.77642
472 -1.68242
473 -1.59015
474 -1.50113
475 -1.41665
476 -1.33777
477 -1.26523
478 -1.19947
479 -1.14058
480 -1.08835
481 -1.04225
482 -1.00151
483 -0.965085
484 -0.931771
485 -0.900224
486 -0.869042
487 -0.836839
488 -0.802318
489 -0.764327
490 -0.721913
491 -0.674359
492 -0.621228
493 -0.562393
494 -0.498059
495 -0.428765
496 -0.355359
497 -0.278962
498 -0.200906
499 -0.122669
500 -0.0458142
501 0.0280883
502 0.0975305
503 0.161144
504 0.21777
505 0.26653
506 0.306869
507 0.338592
508 0.361868
509 0.377222
510 0.385493
511 0.387789
512 0.385419
513 0.379817
514 0.372455
515 0.364744
516 0.35795
517 0.353102
518 0.350941
519 0.351883
520 0.356017
521 0.363115
522 0.372677
523 0.383978
524 0.396131
525 0.408163
526 0.419091
527 0.427998
528 0.434113
529 0.436869
530 0.435956
531 0.431338
532 0.423256
533 0.412209
534 0.398922
535 0.384303
536 0.369401
537 0.355364
538 0.343387
539 0.334662
540 0.330309
541 0.331308
542 0.338445
543 0.352267
544 0.373067
545 0.400888
546 0.435528
547 0.476557
548 0.52332
549 0.574942
550 0.630342
551 0.688251
552 0.747237
553 0.805745
554 0.862118
555 0.914636
556 0.961543
557 1.00108
558 1.03153
559 1.05126
560 1.05881
561 1.05291
562 1.03255
563 0.997047
564 0.946062
565 0.879675
566 0.798417
567 0.703293
568 0.595775
569 0.477752
570 0.351456
571 0.219382
572 0.0842113
573 -0.0512566
574 -0.184182
575 -0.311781
576 -0.43144
577 -0.540816
578 -0.637912
579 -0.721114
580 -0.78921
581 -0.841388
582 -0.877245
583 -0.896791
584 -0.900435
585 -0.888965
586 -0.863499
587 -0.825445
588 -0.776447
589 -0.718338
590 -0.65309
591 -0.582758
592 -0.509418
593 -0.435106
594 -0.361755
595 -0.291132
596 -0.224787
597 -0.164001
598 -0.109752
599 -0.0626915
600 -0.023138
601 0.00891159
602 0.0337594
603 0.0519743
604 0.064355
605 0.0718895
606 0.0757109
607 0.0770453
608 0.0771509
609 0.0772503
610 0.0784635
611 0.0817518
612 0.0878804
613 0.0973995
614 0.110639
615 0.127711
616 0.148518
617 0.172768
618 0.200005
619 0.229647
620 0.261044
621 0.293528
622 0.326467
623 0.359293
624 0.391527
625 0.422787
626 0.452798
627 0.481399
628 0.50855
629 0.534332
630 0.558932
631 0.582621
632 0.605724
633 0.628585
634 0.651533
635 0.674853
636 0.698766
637 0.723398
638 0.748761
639 0.774743
640 0.80111
641 0.827522
642 0.853566
643 0.878788
644 0.902725
645 0.924926
646 0.944967
647 0.962466
648 0.977101
649 0.988624
650 0.996886
651 1.00185
652 1.00358
653 1.00226
654 0.998151
655 0.991611
656 0.98304
657 0.972879
658 0.961585
659 0.949616
660 0.937419
661 0.925428
662 0.914065
663 0.903727
664 0.894784
665 0.887557
666 0.882314
667 0.879272
668 0.878613
669 0.880514
670 0.885164
671 0.892768
672 0.90354
673 0.917677
674 0.935339
675 0.956633
676 0.981605
677 1.01024
678 1.04247
679 1.07816
680 1.1171
681 1.15901
682 1.20352
683 1.25021
684 1.29862
685 1.34825
686 1.39864
687 1.44934
688 1.49993
689 1.55002
690 1.59931
691 1.64757
692 1.69467
693 1.74064
694 1.78559
695 1.8298
696 1.87362
697 1.91755
698 1.96215
699 2.00807
700 2.05603
701 2.10674
702 2.16088
703 2.21902
704 2.28156
705 2.34872
706 2.42043
707 2.49634
708 2.57576
709 2.65761
710 2.74048
711 2.82259
712 2.90188
713 2.97606
714 3.04264
715 3.09901
716 3.1425
717 3.17046
718 3.1804
719 3.17017
720 3.13807
721 3.08305
722 3.00478
723 2.90372
724 2.78119
725 2.63932
726 2.48096
727 2.3096
728 2.12916
729 1.94382
730 1.75782
731 1.57524
732 1.39985
733 1.23494
734 1.08317
735 0.946604
736 0.826662
737 0.724176
738 0.639424
739 0.57217
740 0.521732
741 0.487068
742 0.466883
743 0.459723
744 0.464059
745 0.47834
746 0.50104
747 0.530707
748 0.565998
749 0.605697
750 0.648705
751 0.693989
752 0.74052
753 0.787234
754 0.833028
755 0.876805
756 0.917537
757 0.954331
758 0.986455
759 1.01335
760 1.03461
761 1.04996
762 1.05928
763 1.06258
764 1.06002
765 1.05192
766 1.03869
767 1.02081
768 0.998839
769 0.973376
770 0.945117
771 0.914846
772 0.883421
773 0.851724
774 0.820591
775 0.790763
776 0.762861
777 0.737398
778 0.714786
779 0.695339
780 0.67926
781 0.666621
782 0.657376
783 0.651401
784 0.648559
785 0.64877
786 0.652051
787 0.658511
788 0.668323
789 0.681678
790 0.698755
791 0.719707
792 0.744668
793 0.773757
794 0.807077
795 0.844689
796 0.886577
797 0.932614
798 0.98254
799 1.03596
800 1.09236
